1742032134942 -0.008870840072631836 0
1742032134948 -0.01372218132019043 0
1742032134954 -0.005704164505004883 0
1742032134960 -0.014127016067504883 0
1742032134965 -0.012529134750366211 0
1742032134970 -0.0053517818450927734 0
1742032134976 -0.00568699836730957 0
1742032134981 -0.013895750045776367 0
1742032134986 -0.011927127838134766 0
1742032134992 -0.007626056671142578 0
1742032134997 -0.006066083908081055 0
1742032135003 -0.011075019836425781 0
1742032135008 -0.014605045318603516 0
1742032135014 -0.01212620735168457 0
1742032135019 -0.014126777648925781 0
