1742032134942 -0.0023622512817382812 0
1742032134948 -0.002332925796508789 0
1742032134954 -0.0021059513092041016 0
1742032134960 -0.0020749568939208984 0
1742032134965 -0.0022890567779541016 0
1742032134970 -0.002045154571533203 0
1742032134976 -0.001990079879760742 0
1742032134981 -0.002080202102661133 0
1742032134986 -0.0020389556884765625 0
1742032134992 -0.002089977264404297 0
1742032134997 -0.002045869827270508 0
1742032135003 -0.0020470619201660156 0
1742032135008 -0.0020961761474609375 0
1742032135014 -0.006108999252319336 0
1742032135019 -0.00215911865234375 0
