1742032134942 0.7900643110737219 0
1742032134948 0.8388570931554928 0
1742032134954 0.8409534400114254 0
1742032134960 0.8003312946633977 0
1742032134965 0.865491169609358 0
1742032134970 0.8365546397897482 0
1742032134976 0.8182260403985913 0
1742032134981 0.8309724569801346 0
1742032134986 0.7674564344142023 0
1742032134992 0.8421993254719804 0
1742032134997 0.8363666475625618 0
1742032135003 0.8032155625935447 0
1742032135008 0.8229878175688855 0
1742032135014 0.8550562647408072 0
1742032135019 0.8217881878439517 0
