1742389666939 -0.010822772979736328 0
1742389666948 -0.019545793533325195 0
1742389666954 -0.02547001838684082 0
1742389666960 -0.01683211326599121 0
1742389666966 -0.01928234100341797 0
1742389666972 -0.006557941436767578 0
1742389666980 -0.008723974227905273 0
1742389666986 -0.009846925735473633 0
1742389666993 -0.009263992309570312 0
1742389666999 -0.00855708122253418 0
1742389667005 -0.009567022323608398 0
1742389667011 -0.010116100311279297 0
1742389667017 -0.009384870529174805 0
1742389667027 -0.011645317077636719 0
1742389667039 -0.009891033172607422 0
