1742389666939 -0.006200075149536133 0
1742389666948 -0.00949406623840332 0
1742389666954 -0.006101846694946289 0
1742389666960 -0.002986907958984375 0
1742389666966 -0.0044097900390625 0
1742389666972 -0.003299236297607422 0
1742389666980 -0.002371072769165039 0
1742389666986 -0.005218982696533203 0
1742389666993 -0.002301931381225586 0
1742389666999 -0.005326747894287109 0
1742389667005 -0.002269268035888672 0
1742389667011 -0.005533933639526367 0
1742389667017 -0.0024089813232421875 0
1742389667027 -0.0028836727142333984 0
1742389667039 -0.0022268295288085938 0
