1742389666939 0.8090077381673467 0
1742389666948 0.6968874592067429 0
1742389666954 0.8676461155084043 0
1742389666960 0.8626484127582903 0
1742389666966 0.885138234342822 0
1742389666972 0.8606597561293737 0
1742389666980 0.7941712058902952 0
1742389666986 0.8432010857010565 0
1742389666993 0.8399473663999728 0
1742389666999 0.8322513954329341 0
1742389667005 0.8290406583098883 0
1742389667011 0.8203226350940173 0
1742389667017 0.8454571647105649 0
1742389667027 0.8541382212155731 0
1742389667039 0.8762251471182703 0
