1742980286736 -0.013283729553222656 0
1742980286742 -0.007195949554443359 0
1742980286748 -0.006318092346191406 0
1742980286754 -0.016205787658691406 0
1742980286759 -0.009796142578125 0
1742980286764 -0.008686065673828125 0
1742980286772 -0.009610891342163086 0
1742980286777 -0.010021209716796875 0
1742980286783 -0.008446931838989258 0
1742980286789 -0.011718034744262695 0
1742980286794 -0.010989189147949219 0
1742980286799 -0.007963895797729492 0
1742980286805 -0.011605978012084961 0
1742980286810 -0.015203237533569336 0
1742980286815 -0.008729934692382812 0
