1742980286736 -0.0059261322021484375 0
1742980286742 -0.002232074737548828 0
1742980286748 -0.006180763244628906 0
1742980286754 -0.0024461746215820312 0
1742980286759 -0.005989789962768555 0
1742980286764 -0.0020720958709716797 0
1742980286772 -0.0029959678649902344 0
1742980286777 -0.0030930042266845703 0
1742980286783 -0.00531315803527832 0
1742980286789 -0.00542902946472168 0
1742980286794 -0.003676891326904297 0
1742980286799 -0.0020630359649658203 0
1742980286805 -0.0020389556884765625 0
1742980286810 -0.002020120620727539 0
1742980286815 -0.0021500587463378906 0
