1742980286736 0.8482987474897482 0
1742980286742 0.79665048251704 0
1742980286748 0.8121925250407579 0
1742980286754 0.8071089667709307 0
1742980286759 0.7639522368907621 0
1742980286764 0.7466810556053272 0
1742980286772 0.8664726641565245 0
1742980286777 0.8577960525714495 0
1742980286783 0.7933691847884177 0
1742980286789 0.8016685488161148 0
1742980286794 0.8144904790108459 0
1742980286799 0.8188657181481642 0
1742980286805 0.7884261345786073 0
1742980286810 0.7332925968791564 0
1742980286815 0.7926602742713047 0
