800	0.0
801	0.0
802	0.0
803	0.0
804	0.0
805	0.0
806	0.0
807	0.0
808	0.0
809	0.0
810	0.0
811	0.0
812	0.0
813	0.0
814	0.0
815	0.0
816	0.0
817	0.0
818	0.0
819	0.0
820	0.0
821	0.0
822	0.0
823	0.0
824	0.0
825	0.0
826	0.0
827	0.0
828	0.0
829	0.0
830	0.0
831	0.0
832	0.0
833	0.0
834	0.0
835	0.0
836	0.0
837	0.0
838	0.0
839	0.0
840	0.0
841	0.0
842	0.0
843	0.0
844	0.0
845	0.0
846	0.0
847	0.0
848	0.0
849	0.0
850	0.0
851	0.0
852	0.0
853	0.0
854	0.0
855	0.0
856	0.0
857	0.0
858	0.0
859	0.0
860	0.0
861	0.0
862	0.0
863	0.0
864	0.0
865	0.0
866	0.0
867	0.0
868	0.0
869	0.0
870	0.0
871	0.0
872	0.0
873	0.0
874	0.0
875	0.0
876	0.0
877	0.0
878	0.0
879	0.0
880	0.0
881	0.0
882	0.0
883	0.0
884	0.0
885	0.0
886	0.0
887	0.0
888	0.0
889	0.0
890	0.0
891	0.0
892	0.0
893	0.0
894	0.0
895	0.0
896	0.0
897	0.0
898	0.0
899	0.0
900	0.0
901	0.0
902	0.0
903	0.0
904	0.0
905	0.0
906	0.0
907	0.0
908	0.0
909	0.0
910	0.0
911	0.0
912	0.0
913	0.0
914	0.0
915	0.0
916	0.0
917	0.0
918	0.0
919	0.0
920	0.0
921	0.0
922	0.0
923	0.0
924	0.0
925	0.0
926	0.0
927	0.0
928	0.0
929	0.0
930	0.0
931	0.0
932	0.0
933	0.0
934	0.0
935	0.0
936	0.0
937	0.0
938	0.0
939	0.0
940	0.0
941	0.0
942	0.0
943	0.0
944	0.0
945	0.0
946	0.0
947	0.0
948	0.0
949	0.0
950	0.0
951	0.0
952	0.0
953	0.0
954	0.0
955	0.0
956	0.0
957	0.0
958	0.0
959	0.0
960	0.0
961	0.0
962	0.0
963	0.0
964	0.0
965	0.0
966	0.0
967	0.0
968	0.0
969	0.0
970	0.0
971	0.0
972	0.0
973	0.0
974	0.0
975	0.0
976	0.0
977	0.0
978	0.0
979	0.0
980	0.0
981	0.0
982	0.0
983	0.0
984	0.0
985	0.0
986	0.0
987	0.0
988	0.0
989	0.0
990	0.0
991	0.0
992	0.0
993	0.0
994	0.0
995	0.0
996	0.0
997	0.0
998	0.0
999	0.0
1000	0.0
1001	0.0
1002	0.0
1003	0.0
1004	0.0
1005	0.0
1006	0.0
1007	0.0
1008	0.0
1009	0.0
1010	0.0
1011	0.0
1012	0.0
1013	0.0
1014	0.0
1015	0.0
1016	0.0
1017	0.0
1018	0.0
1019	0.0
1020	0.0
1021	0.0
1022	0.0
1023	0.0
1024	0.0
1025	0.0
1026	0.0
1027	0.0
1028	0.0
1029	0.0
1030	0.0
1031	0.0
1032	0.0
1033	0.0
1034	0.0
1035	0.0
1036	0.0
1037	0.0
1038	0.0
1039	0.0
1040	0.0
1041	0.0
1042	0.0
1043	0.0
1044	0.0
1045	0.0
1046	0.0
1047	0.0
1048	0.0
1049	0.0
1050	0.0
1051	0.0
1052	0.0
1053	0.0
1054	0.0
1055	0.0
1056	0.0
1057	0.0
1058	0.0
1059	0.0
1060	0.0
1061	0.0
1062	0.0
1063	0.0
1064	0.0
1065	0.0
1066	0.0
1067	0.0
1068	0.0
1069	0.0
1070	0.0
1071	0.0
1072	0.0
1073	0.0
1074	0.0
1075	0.0
1076	0.0
1077	0.0
1078	0.0
1079	0.0
1080	0.0
1081	0.0
1082	0.0
1083	0.0
1084	0.0
1085	0.0
1086	0.0
1087	0.0
1088	0.0
1089	0.0
1090	0.0
1091	0.0
1092	0.0
1093	0.0
1094	0.0
1095	0.0
1096	0.0
1097	0.0
1098	0.0
1099	0.0
1100	0.0
1101	0.0
1102	0.0
1103	0.0
1104	0.0
1105	0.0
1106	0.0
1107	0.0
1108	0.0
1109	0.0
1110	0.0
1111	0.0
1112	0.0
1113	0.0
1114	0.0
1115	0.0
1116	0.0
1117	0.0
1118	0.0
1119	0.0
1120	0.0
1121	0.0
1122	0.0
1123	0.0
1124	0.0
1125	0.0
1126	0.0
1127	0.0
1128	0.0
1129	0.0
1130	0.0
1131	0.0
1132	0.0
1133	0.0
1134	0.0
1135	0.0
1136	0.0
1137	0.0
1138	0.0
1139	0.0
1140	0.0
1141	0.0
1142	0.0
1143	0.0
1144	0.0
1145	0.0
1146	0.0
1147	0.0
1148	0.0
1149	0.0
1150	0.0
1151	0.0
1152	0.0
1153	0.0
1154	0.0
1155	0.0
1156	0.0
1157	0.0
1158	0.0
1159	0.0
1160	0.0
1161	0.0
1162	0.0
1163	0.0
1164	0.0
1165	0.0
1166	0.0
1167	0.0
1168	0.0
1169	0.0
1170	0.0
1171	0.0
1172	0.0
1173	0.0
1174	0.0
1175	0.0
1176	0.0
1177	0.0
1178	0.0
1179	0.0
1180	0.0
1181	0.0
1182	0.0
1183	0.0
1184	0.0
1185	0.0
1186	0.0
1187	0.0
1188	0.0
1189	0.0
1190	0.0
1191	0.0
1192	0.0
1193	0.0
1194	0.0
1195	0.0
1196	0.0
1197	0.0
1198	0.0
1199	0.0
1200	0.0
1201	0.0
1202	0.0
1203	0.0
1204	0.0
1205	0.0
1206	0.0
1207	0.0
1208	0.0
1209	0.0
1210	0.0
1211	0.0
1212	0.0
1213	0.0
1214	0.0
1215	0.0
1216	0.0
1217	0.0
1218	0.0
1219	0.0
1220	0.0
1221	0.0
1222	0.0
1223	0.0
1224	0.0
1225	0.0
1226	0.0
1227	0.0
1228	0.0
1229	0.0
1230	0.0
1231	0.0
1232	0.0
1233	0.0
1234	0.0
1235	0.0
1236	0.0
1237	0.0
1238	0.0
1239	0.0
1240	0.0
1241	0.0
1242	0.0
1243	0.0
1244	0.0
1245	0.0
1246	0.0
1247	0.0
1248	0.0
1249	0.0
1250	0.0
1251	0.0
1252	0.0
1253	0.0
1254	0.0
1255	0.0
1256	0.0
1257	0.0
1258	0.0
1259	0.0
1260	0.0
1261	0.0
1262	0.0
1263	0.0
1264	0.0
1265	0.0
1266	0.0
1267	0.0
1268	0.0
1269	0.0
1270	0.0
1271	0.0
1272	0.0
1273	0.0
1274	0.0
1275	0.0
1276	0.0
1277	0.0
1278	0.0
1279	0.0
1280	0.0
1281	0.0
1282	0.0
1283	0.0
1284	0.0
1285	0.0
1286	0.0
1287	0.0
1288	0.0
1289	0.0
1290	0.0
1291	0.0
1292	0.0
1293	0.0
1294	0.0
1295	0.0
1296	0.0
1297	0.0
1298	0.0
1299	0.0
1300	1.6684728842267824e-10
1301	3.7307014321464517e-10
1302	8.212511363474275e-10
1303	1.7798181114355134e-09
1304	3.797426781139554e-09
1305	7.976591377210275e-09
1306	1.6495270022316085e-08
1307	3.358270406605719e-08
1308	6.731100026589547e-08
1309	1.32822171144393e-07
1310	2.580294367893749e-07
1311	4.934942337933746e-07
1312	9.291996967089362e-07
1313	1.7224641234687326e-06
1314	3.143442055370279e-06
1315	5.647742430657109e-06
1316	9.989838191815925e-06
1317	1.73962713932593e-05
1318	2.9824147838253095e-05
1319	5.033778034724634e-05
1320	8.364389110305335e-05
1321	0.00013683227360288257
1322	0.0002203723014796534
1323	0.00034941345139510307
1324	0.0005454266844036001
1325	0.0008381992959314861
1326	0.001268155035812355
1327	0.001888911271999223
1328	0.0027699052574612546
1329	0.003998825194202223
1330	0.005683476563494408
1331	0.007952613498019645
1332	0.010955187808480338
1333	0.014857438018696129
1334	0.019837282397292134
1335	0.02607561578521163
1336	0.03374435407074254
1337	0.04299142239168244
1338	0.053923324266569705
1339	0.06658641758161567
1340	0.08094849729118234
1341	0.09688266591143327
1342	0.1141556783681387
1343	0.13242290360981218
1344	0.1512317028244646
1345	0.17003437398658972
1346	0.18821089509675276
1347	0.20510060534398442
1348	0.2200408292276872
1349	0.2324094336686056
1350	0.24166757300178082
1351	0.24739855434046845
1352	0.24933892525089543
1353	0.24739855434046845
1354	0.24166757300178082
1355	0.2324094336686056
1356	0.2200408292276872
1357	0.20510060534398442
1358	0.18821089509675276
1359	0.17003437398658972
1360	0.1512317028244646
1361	0.13242290360981218
1362	0.1141556783681387
1363	0.09688266591143327
1364	0.08094849729118234
1365	0.06658641758161567
1366	0.053923324266569705
1367	0.04299142239168244
1368	0.03374435407074254
1369	0.02607561578521163
1370	0.019837282397292134
1371	0.014857438018696129
1372	0.010955187808480338
1373	0.007952613498019645
1374	0.005683476563494408
1375	0.003998825194202223
1376	0.0027699052574612546
1377	0.001888911271999223
1378	0.001268155035812355
1379	0.0008381992959314861
1380	0.0005454266844036001
1381	0.00034941345139510307
1382	0.0002203723014796534
1383	0.00013683227360288257
1384	8.364389110305335e-05
1385	5.033778034724634e-05
1386	2.9824147838253095e-05
1387	1.73962713932593e-05
1388	9.989838191815925e-06
1389	5.647742430657109e-06
1390	3.143442055370279e-06
1391	1.7224641234687326e-06
1392	9.291996967089362e-07
1393	4.934942337933746e-07
1394	2.580294367893749e-07
1395	1.32822171144393e-07
1396	6.731100026589547e-08
1397	3.358270406605719e-08
1398	1.6495270022316085e-08
1399	7.976591377210275e-09
1400	0.0
1401	0.0
1402	0.0
1403	0.0
1404	0.0
1405	0.0
1406	0.0
1407	0.0
1408	0.0
1409	0.0
1410	0.0
1411	0.0
1412	0.0
1413	0.0
1414	0.0
1415	0.0
1416	0.0
1417	0.0
1418	0.0
1419	0.0
1420	0.0
1421	0.0
1422	0.0
1423	0.0
1424	0.0
1425	0.0
1426	0.0
1427	0.0
1428	0.0
1429	0.0
1430	0.0
1431	0.0
1432	0.0
1433	0.0
1434	0.0
1435	0.0
1436	0.0
1437	0.0
1438	0.0
1439	0.0
1440	0.0
1441	0.0
1442	0.0
1443	0.0
1444	0.0
1445	0.0
1446	0.0
1447	0.0
1448	0.0
1449	0.0
1450	0.0
1451	0.0
1452	0.0
1453	0.0
1454	0.0
1455	0.0
1456	0.0
1457	0.0
1458	0.0
1459	0.0
1460	0.0
1461	0.0
1462	0.0
1463	0.0
1464	0.0
1465	0.0
1466	0.0
1467	0.0
1468	0.0
1469	0.0
1470	0.0
1471	0.0
1472	0.0
1473	0.0
1474	0.0
1475	0.0
1476	0.0
1477	0.0
1478	0.0
1479	0.0
1480	0.0
1481	0.0
1482	0.0
1483	0.0
1484	0.0
1485	0.0
1486	0.0
1487	0.0
1488	0.0
1489	0.0
1490	0.0
1491	0.0
1492	0.0
1493	0.0
1494	0.0
1495	0.0
1496	0.0
1497	0.0
1498	0.0
1499	0.0
1500	1.4166943512116866e-07
1501	2.0170974445723934e-07
1502	2.8592188505053946e-07
1503	4.034945935614298e-07
1504	5.668887570295693e-07
1505	7.929170745249589e-07
1506	1.1041485295576627e-06
1507	1.5307244852722402e-06
1508	2.11269284855044e-06
1509	2.9029897178027135e-06
1510	3.971224464335995e-06
1511	5.408454434926272e-06
1512	7.333169399169798e-06
1513	9.89874330091617e-06
1514	1.330265135469522e-05
1515	1.7797793277673824e-05
1516	2.3706307290013764e-05
1517	3.143630280348792e-05
1518	4.150198025619603e-05
1519	5.454764153641853e-05
1520	7.137612040793886e-05
1521	9.29821751548605e-05
1522	0.00012059138048196517
1523	0.0001557050270887788
1524	0.00020015147931606934
1525	0.00025614434753110435
1526	0.00032634769606067833
1527	0.0004139483233114181
1528	0.0005227349126801984
1529	0.000657183556518944
1530	0.0008225487980219228
1531	0.001024958916987738
1532	0.0012715137074479149
1533	0.0015703824642044585
1534	0.0019308993216102864
1535	0.0023636524863669376
1536	0.0028805632966370028
1537	0.003494950447473879
1538	0.004221574177589316
1539	0.005076654749513168
1540	0.00607785921269197
1541	0.007244250257965661
1542	0.008596190993946129
1543	0.010155199741680141
1544	0.01194374949058288
1545	0.013985007516645057
1546	0.016302511854872262
1547	0.018919782851323428
1548	0.02185986989078517
1549	0.025144835581798173
1550	0.028795182140366967
1551	0.03282922738631854
1552	0.03726244057115476
1553	0.042106751093810214
1554	0.04736984591498232
1555	0.053054474022799294
1556	0.05915777849570962
1557	0.06567067841378643
1558	0.07257732395321499
1559	0.07985464833906393
1560	0.08747203982719662
1561	0.09539115546375497
1562	0.10356589599104692
1563	0.11194255793318628
1564	0.12046017464913307
1565	0.12905105307687645
1566	0.13764150714839343
1567	0.1461527826117485
1568	0.15450216147279078
1569	0.16260422771227584
1570	0.1703722696119212
1571	0.1777197882089598
1572	0.18456207636102556
1573	0.19081782888958349
1574	0.1964107414951058
1575	0.20127105476959636
1576	0.20533699978454079
1577	0.20855610345357647
1578	0.21088631513910278
1579	0.21229692070077452
1580	0.21276921621409745
1581	0.21229692070077452
1582	0.21088631513910278
1583	0.20855610345357647
1584	0.20533699978454079
1585	0.20127105476959636
1586	0.1964107414951058
1587	0.19081782888958357
1588	0.1845620763610262
1589	0.17771978820896434
1590	0.17037226961195162
1591	0.16260422771246816
1592	0.15450216147393261
1593	0.14615278261811718
1594	0.13764150718176288
1595	0.12905105324112667
1596	0.12046017540861842
1597	0.11194256123224028
1598	0.10356590945324697
1599	0.09539120706964233
1600	0.08747222566713596
1601	0.07985527702747501
1602	0.07257932192085335
1603	0.06567664324335408
1604	0.059174507273930234
1605	0.053098548483095226
1606	0.04747893125186304
1607	0.042360382100972684
1608	0.03781642162264701
1609	0.03396592269901742
1610	0.030986219702063035
1611	0.029112292061256602
1612	0.028608740704933674
1613	0.02970444770463737
1614	0.032492211313108726
1615	0.03681614319027279
1616	0.042190090055475804
1617	0.0477973787610307
1618	0.05260435683948357
1619	0.055577764858321825
1620	0.05594564426287106
1621	0.05341016934986933
1622	0.04822974002312676
1623	0.041137129466824435
1624	0.03312690386152992
1625	0.025194788159994676
1626	0.018120598779846755
1627	0.0123550473175184
1628	0.008020384521596422
1629	0.004992415396446165
1630	0.00301358635971799
1631	0.0017938788692178256
1632	0.0010767159641724494
1633	0.0006675793304738891
1634	0.00043543303294139835
1635	0.000300218807827035
1636	0.00021688025753668002
1637	0.00016166985665642941
1638	0.00012258934812032837
1639	9.361086356593456e-05
1640	7.156196034728065e-05
1641	5.4599247423776404e-05
1642	4.151544245624921e-05
1643	3.143960185749238e-05
1644	2.370706677536999e-05
1645	1.7797957527901094e-05
1646	1.3302684724152904e-05
1647	9.898749669588618e-06
1648	7.3331705410098486e-06
1649	5.408454627243516e-06
1650	3.9712244947650015e-06
1651	2.9029897223255814e-06
1652	2.112692849181974e-06
1653	1.5307244853550794e-06
1654	1.1041485295678705e-06
1655	7.929170745261405e-07
1656	5.668887570296978e-07
1657	4.0349459356144293e-07
1658	2.859218850505407e-07
1659	2.0170974445723944e-07
1660	0.0
1661	0.0
1662	0.0
1663	0.0
1664	0.0
1665	0.0
1666	0.0
1667	0.0
1668	0.0
1669	0.0
1670	0.0
1671	0.0
1672	0.0
1673	0.0
1674	0.0
1675	0.0
1676	0.0
1677	0.0
1678	0.0
1679	0.0
1680	0.0
1681	0.0
1682	0.0
1683	0.0
1684	0.0
1685	0.0
1686	0.0
1687	0.0
1688	0.0
1689	0.0
1690	0.0
1691	0.0
1692	0.0
1693	0.0
1694	0.0
1695	0.0
1696	0.0
1697	0.0
1698	0.0
1699	0.0
1700	0.0
1701	0.0
1702	0.0
1703	0.0
1704	0.0
1705	0.0
1706	0.0
1707	0.0
1708	0.0
1709	0.0
1710	0.0
1711	0.0
1712	0.0
1713	0.0
1714	0.0
1715	0.0
1716	0.0
1717	0.0
1718	0.0
1719	0.0
1720	0.0
1721	0.0
1722	0.0
1723	0.0
1724	0.0
1725	0.0
1726	0.0
1727	0.0
1728	0.0
1729	0.0
1730	0.0
1731	0.0
1732	0.0
1733	0.0
1734	0.0
1735	0.0
1736	0.0
1737	0.0
1738	0.0
1739	0.0
1740	0.0
1741	0.0
1742	0.0
1743	0.0
1744	0.0
1745	0.0
1746	0.0
1747	0.0
1748	0.0
1749	0.0
1750	0.0
1751	0.0
1752	0.0
1753	0.0
1754	0.0
1755	0.0
1756	0.0
1757	0.0
1758	0.0
1759	0.0
1760	0.0
1761	0.0
1762	0.0
1763	0.0
1764	0.0
1765	0.0
1766	0.0
1767	0.0
1768	0.0
1769	0.0
1770	0.0
1771	0.0
1772	0.0
1773	0.0
1774	0.0
1775	0.0
1776	0.0
1777	0.0
1778	0.0
1779	0.0
1780	0.0
1781	0.0
1782	0.0
1783	0.0
1784	0.0
1785	0.0
1786	0.0
1787	0.0
1788	0.0
1789	0.0
1790	0.0
1791	0.0
1792	0.0
1793	0.0
1794	0.0
1795	0.0
1796	0.0
1797	0.0
1798	0.0
1799	0.0
1800	0.0
1801	0.0
1802	0.0
1803	0.0
1804	0.0
1805	0.0
1806	0.0
1807	0.0
1808	0.0
1809	0.0
1810	0.0
1811	0.0
1812	0.0
1813	0.0
1814	0.0
1815	0.0
1816	0.0
1817	0.0
1818	0.0
1819	0.0
1820	0.0
1821	0.0
1822	0.0
1823	0.0
1824	0.0
1825	0.0
1826	0.0
1827	0.0
1828	0.0
1829	0.0
1830	0.0
1831	0.0
1832	0.0
1833	0.0
1834	0.0
1835	0.0
1836	0.0
1837	0.0
1838	0.0
1839	0.0
1840	0.0
1841	0.0
1842	0.0
1843	0.0
1844	0.0
1845	0.0
1846	0.0
1847	0.0
1848	0.0
1849	0.0
1850	0.0
1851	0.0
1852	0.0
1853	0.0
1854	0.0
1855	0.0
1856	0.0
1857	0.0
1858	0.0
1859	0.0
1860	0.0
1861	0.0
1862	0.0
1863	0.0
1864	0.0
1865	0.0
1866	0.0
1867	0.0
1868	0.0
1869	0.0
1870	0.0
1871	0.0
1872	0.0
1873	0.0
1874	0.0
1875	0.0
1876	0.0
1877	0.0
1878	0.0
1879	0.0
1880	0.0
1881	0.0
1882	0.0
1883	0.0
1884	0.0
1885	0.0
1886	0.0
1887	0.0
1888	0.0
1889	0.0
1890	0.0
1891	0.0
1892	0.0
1893	0.0
1894	0.0
1895	0.0
1896	0.0
1897	0.0
1898	0.0
1899	0.0
1900	0.0
1901	0.0
1902	0.0
1903	0.0
1904	0.0
1905	0.0
1906	0.0
1907	0.0
1908	0.0
1909	0.0
1910	0.0
1911	0.0
1912	0.0
1913	0.0
1914	0.0
1915	0.0
1916	0.0
1917	0.0
1918	0.0
1919	0.0
1920	0.0
1921	0.0
1922	0.0
1923	0.0
1924	0.0
1925	0.0
1926	0.0
1927	0.0
1928	0.0
1929	0.0
1930	0.0
1931	0.0
1932	0.0
1933	0.0
1934	0.0
1935	0.0
1936	0.0
1937	0.0
1938	0.0
1939	0.0
1940	0.0
1941	0.0
1942	0.0
1943	0.0
1944	0.0
1945	0.0
1946	0.0
1947	0.0
1948	0.0
1949	0.0
1950	0.0
1951	0.0
1952	0.0
1953	0.0
1954	0.0
1955	0.0
1956	0.0
1957	0.0
1958	0.0
1959	0.0
1960	0.0
1961	0.0
1962	0.0
1963	0.0
1964	0.0
1965	0.0
1966	0.0
1967	0.0
1968	0.0
1969	0.0
1970	0.0
1971	0.0
1972	0.0
1973	0.0
1974	0.0
1975	0.0
1976	0.0
1977	0.0
1978	0.0
1979	0.0
1980	0.0
1981	0.0
1982	0.0
1983	0.0
1984	0.0
1985	0.0
1986	0.0
1987	0.0
1988	0.0
1989	0.0
1990	0.0
1991	0.0
1992	0.0
1993	0.0
1994	0.0
1995	0.0
1996	0.0
1997	0.0
1998	0.0
1999	0.0
2000	0.0
2001	0.0
2002	0.0
2003	0.0
2004	0.0
2005	0.0
2006	0.0
2007	0.0
2008	0.0
2009	0.0
2010	0.0
2011	0.0
2012	0.0
2013	0.0
2014	0.0
2015	0.0
2016	0.0
2017	0.0
2018	0.0
2019	0.0
2020	0.0
2021	0.0
2022	0.0
2023	0.0
2024	0.0
2025	0.0
2026	0.0
2027	0.0
2028	0.0
2029	0.0
2030	0.0
2031	0.0
2032	0.0
2033	0.0
2034	0.0
2035	0.0
2036	0.0
2037	0.0
2038	0.0
2039	0.0
2040	0.0
2041	0.0
2042	0.0
2043	0.0
2044	0.0
2045	0.0
2046	0.0
2047	0.0
2048	0.0
2049	0.0
2050	0.0
2051	0.0
2052	0.0
2053	0.0
2054	0.0
2055	0.0
2056	0.0
2057	0.0
2058	0.0
2059	0.0
2060	0.0
2061	0.0
2062	0.0
2063	0.0
2064	0.0
2065	0.0
2066	0.0
2067	0.0
2068	0.0
2069	0.0
2070	0.0
2071	0.0
2072	0.0
2073	0.0
2074	0.0
2075	0.0
2076	0.0
2077	0.0
2078	0.0
2079	0.0
2080	0.0
2081	0.0
2082	0.0
2083	0.0
2084	0.0
2085	0.0
2086	0.0
2087	0.0
2088	0.0
2089	0.0
2090	0.0
2091	0.0
2092	0.0
2093	0.0
2094	0.0
2095	0.0
2096	0.0
2097	0.0
2098	0.0
2099	0.0
2100	0.0
2101	0.0
2102	0.0
2103	0.0
2104	0.0
2105	0.0
2106	0.0
2107	0.0
2108	0.0
2109	0.0
2110	0.0
2111	0.0
2112	0.0
2113	0.0
2114	0.0
2115	0.0
2116	0.0
2117	0.0
2118	0.0
2119	0.0
2120	0.0
2121	0.0
2122	0.0
2123	0.0
2124	0.0
2125	0.0
2126	0.0
2127	0.0
2128	0.0
2129	0.0
2130	0.0
2131	0.0
2132	0.0
2133	0.0
2134	0.0
2135	0.0
2136	0.0
2137	0.0
2138	0.0
2139	0.0
2140	0.0
2141	0.0
2142	0.0
2143	0.0
2144	0.0
2145	0.0
2146	0.0
2147	0.0
2148	0.0
2149	0.0
2150	0.0
2151	0.0
2152	0.0
2153	0.0
2154	0.0
2155	0.0
2156	0.0
2157	0.0
2158	0.0
2159	0.0
2160	0.0
2161	0.0
2162	0.0
2163	0.0
2164	0.0
2165	0.0
2166	0.0
2167	0.0
2168	0.0
2169	0.0
2170	0.0
2171	0.0
2172	0.0
2173	0.0
2174	0.0
2175	0.0
2176	0.0
2177	0.0
2178	0.0
2179	0.0
2180	0.0
2181	0.0
2182	0.0
2183	0.0
2184	0.0
2185	0.0
2186	0.0
2187	0.0
2188	0.0
2189	0.0
2190	0.0
2191	0.0
2192	0.0
2193	0.0
2194	0.0
2195	0.0
2196	0.0
2197	0.0
2198	0.0
2199	0.0
2200	0.0
2201	0.0
2202	0.0
2203	0.0
2204	0.0
2205	0.0
2206	0.0
2207	0.0
2208	0.0
2209	0.0
2210	0.0
2211	0.0
2212	0.0
2213	0.0
2214	0.0
2215	0.0
2216	0.0
2217	0.0
2218	0.0
2219	0.0
2220	0.0
2221	0.0
2222	0.0
2223	0.0
2224	0.0
2225	0.0
2226	0.0
2227	0.0
2228	0.0
2229	0.0
2230	0.0
2231	0.0
2232	0.0
2233	0.0
2234	0.0
2235	0.0
2236	0.0
2237	0.0
2238	0.0
2239	0.0
2240	0.0
2241	0.0
2242	0.0
2243	0.0
2244	0.0
2245	0.0
2246	0.0
2247	0.0
2248	0.0
2249	0.0
2250	0.0
2251	0.0
2252	0.0
2253	0.0
2254	0.0
2255	0.0
2256	0.0
2257	0.0
2258	0.0
2259	0.0
2260	0.0
2261	0.0
2262	0.0
2263	0.0
2264	0.0
2265	0.0
2266	0.0
2267	0.0
2268	0.0
2269	0.0
2270	0.0
2271	0.0
2272	0.0
2273	0.0
2274	0.0
2275	0.0
2276	0.0
2277	0.0
2278	0.0
2279	0.0
2280	0.0
2281	0.0
2282	0.0
2283	0.0
2284	0.0
2285	0.0
2286	0.0
2287	0.0
2288	0.0
2289	0.0
2290	0.0
2291	0.0
2292	0.0
2293	0.0
2294	0.0
2295	0.0
2296	0.0
2297	0.0
2298	0.0
2299	0.0
2300	0.0
2301	0.0
2302	0.0
2303	0.0
2304	0.0
2305	0.0
2306	0.0
2307	0.0
2308	0.0
2309	0.0
2310	0.0
2311	0.0
2312	0.0
2313	0.0
2314	0.0
2315	0.0
2316	0.0
2317	0.0
2318	0.0
2319	0.0
2320	0.0
2321	0.0
2322	0.0
2323	0.0
2324	0.0
2325	0.0
2326	0.0
2327	0.0
2328	0.0
2329	0.0
2330	0.0
2331	0.0
2332	0.0
2333	0.0
2334	0.0
2335	0.0
2336	0.0
2337	0.0
2338	0.0
2339	0.0
2340	0.0
2341	0.0
2342	0.0
2343	0.0
2344	0.0
2345	0.0
2346	0.0
2347	0.0
2348	0.0
2349	0.0
2350	0.0
2351	0.0
2352	0.0
2353	0.0
2354	0.0
2355	0.0
2356	0.0
2357	0.0
2358	0.0
2359	0.0
2360	0.0
2361	0.0
2362	0.0
2363	0.0
2364	0.0
2365	0.0
2366	0.0
2367	0.0
2368	0.0
2369	0.0
2370	0.0
2371	0.0
2372	0.0
2373	0.0
2374	0.0
2375	0.0
2376	0.0
2377	0.0
2378	0.0
2379	0.0
2380	0.0
2381	0.0
2382	0.0
2383	0.0
2384	0.0
2385	0.0
2386	0.0
2387	0.0
2388	0.0
2389	0.0
2390	0.0
2391	0.0
2392	0.0
2393	0.0
2394	0.0
2395	0.0
2396	0.0
2397	0.0
2398	0.0
2399	0.0
2400	0.0
2401	0.0
2402	0.0
2403	0.0
2404	0.0
2405	0.0
2406	0.0
2407	0.0
2408	0.0
2409	0.0
2410	0.0
2411	0.0
2412	0.0
2413	0.0
2414	0.0
2415	0.0
2416	0.0
2417	0.0
2418	0.0
2419	0.0
2420	0.0
2421	0.0
2422	0.0
2423	0.0
2424	0.0
2425	0.0
2426	0.0
2427	0.0
2428	0.0
2429	0.0
2430	0.0
2431	0.0
2432	0.0
2433	0.0
2434	0.0
2435	0.0
2436	0.0
2437	0.0
2438	0.0
2439	0.0
2440	0.0
2441	0.0
2442	0.0
2443	0.0
2444	0.0
2445	0.0
2446	0.0
2447	0.0
2448	0.0
2449	0.0
2450	0.0
2451	0.0
2452	0.0
2453	0.0
2454	0.0
2455	0.0
2456	0.0
2457	0.0
2458	0.0
2459	0.0
2460	0.0
2461	0.0
2462	0.0
2463	0.0
2464	0.0
2465	0.0
2466	0.0
2467	0.0
2468	0.0
2469	0.0
2470	0.0
2471	0.0
2472	0.0
2473	0.0
2474	0.0
2475	0.0
2476	0.0
2477	0.0
2478	0.0
2479	0.0
2480	0.0
2481	0.0
2482	0.0
2483	0.0
2484	0.0
2485	0.0
2486	0.0
2487	0.0
2488	0.0
2489	0.0
2490	0.0
2491	0.0
2492	0.0
2493	0.0
2494	0.0
2495	0.0
2496	0.0
2497	0.0
2498	0.0
2499	0.0
2500	2.5960063709466655e-59
2501	1.1443768286188862e-58
2502	5.003145656604615e-58
2503	2.1693420128805524e-57
2504	9.328755207199124e-57
2505	3.978598882719106e-56
2506	1.6828577418979433e-55
2507	7.059524391940543e-55
2508	2.937069819650472e-54
2509	1.2118919133654106e-53
2510	4.959344686592364e-53
2511	2.012776205085955e-52
2512	8.101724571902264e-52
2513	3.234225144816017e-51
2514	1.2804829886634595e-50
2515	5.027917772585833e-50
2516	1.958002803510157e-49
2517	7.562218846564923e-49
2518	2.8966496006011016e-48
2519	1.1004073283681677e-47
2520	4.145928178450082e-47
2521	1.5491763706947403e-46
2522	5.7410422547374606e-46
2523	2.1100435158409258e-45
2524	7.69135522914211e-45
2525	2.7805141999143043e-44
2526	9.96915053989974e-44
2527	3.5448836091852447e-43
2528	1.250134083767644e-42
2529	4.372421297315207e-42
2530	1.516694791814941e-41
2531	5.217772977819224e-41
2532	1.780258026556227e-40
2533	6.0240908817807044e-40
2534	2.0216727962311953e-39
2535	6.728852503931055e-39
2536	2.221170718460514e-38
2537	7.27166159727892e-38
2538	2.3610009918103905e-37
2539	7.602728270145482e-37
2540	2.428027252970204e-36
2541	7.690391246796012e-36
2542	2.4157617595427246e-35
2543	7.526109955226136e-35
2544	2.3254007334789197e-34
2545	7.125836290816896e-34
2546	2.1656320273786998e-33
2547	6.527460912724456e-33
2548	1.9512579415118733e-32
2549	5.784900277056648e-32
2550	1.7009355547382043e-31
2551	4.9601022720494645e-31
2552	1.4345120233553349e-30
2553	4.114608731914093e-30
2554	1.1704791544532534e-29
2555	3.3022474474183853e-29
2556	9.239880024184634e-29
2557	2.5640933983394748e-28
2558	7.056870345757235e-28
2559	1.9261993213721396e-27
2560	5.2143610867681084e-27
2561	1.3999475606153233e-26
2562	3.727633650174484e-26
2563	9.843860903569925e-26
2564	2.5781519059099242e-25
2565	6.696722859334858e-25
2566	1.7251503049730205e-24
2567	4.407601698245312e-24
2568	1.1168337602869864e-23
2569	2.806632273344299e-23
2570	6.9950896606422e-23
2571	1.7290670931494135e-22
2572	4.238783108854141e-22
2573	1.0305791074578644e-21
2574	2.4850335830180636e-21
2575	5.942839207250066e-21
2576	1.4095045657539783e-20
2577	3.315505735284576e-20
2578	7.734707047503063e-20
2579	1.7895702225575622e-19
2580	4.106429861960775e-19
2581	9.345248701517197e-19
2582	2.109250239604683e-18
2583	4.7214581011541104e-18
2584	1.0481778123614189e-17
2585	2.307834036514533e-17
2586	5.0394712893554e-17
2587	1.0913804397095432e-16
2588	2.3441108541567517e-16
2589	4.993337432921377e-16
2590	1.0549077282581687e-15
2591	2.2102877777395075e-15
2592	4.592973712306267e-15
2593	9.465637897263515e-15
2594	1.9347132375160483e-14
2595	3.9218782642135397e-14
2596	7.884649717477358e-14
2597	1.5721047822378936e-13
2598	3.108789832159017e-13
2599	6.096941475507332e-13
2600	1.1858874665208614e-12
2601	2.287629673826554e-12
2602	4.3766191166490506e-12
2603	8.30429128033145e-12
2604	1.5627056576828683e-11
2605	2.916504053416888e-11
2606	5.398321847941167e-11
2607	9.909819684818281e-11
2608	1.8041951889001183e-10
2609	3.2577074263458916e-10
2610	5.833798504052916e-10
2611	1.0360997312912093e-09
2612	1.8249983946833197e-09
2613	3.188116638779685e-09
2614	5.5235298634757145e-09
2615	9.490956880953536e-09
2616	1.6173875049103505e-08
2617	2.7335621750104908e-08
2618	4.581995080084291e-08
2619	7.61712478044219e-08
2620	1.2558515647092131e-07
2621	2.0535077270756624e-07
2622	3.3301604688272877e-07
2623	5.356051821744803e-07
2624	8.543487117203855e-07
2625	1.351563195212998e-06
2626	2.120549107453818e-06
2627	3.299674503901662e-06
2628	5.092190674792332e-06
2629	7.79379543934369e-06
2630	1.1830528275337671e-05
2631	1.781025191261808e-05
2632	2.6591741241352992e-05
2633	3.9376243255947954e-05
2634	5.782725429057223e-05
2635	8.422512302092197e-05
2636	0.00012166384160444124
2637	0.00017429791271085908
2638	0.0002476473223171578
2639	0.00034896821837222456
2640	0.00048769567621990344
2641	0.0006759626871616375
2642	0.0009291960000801538
2643	0.0012667844652031644
2644	0.0017128089183216471
2645	0.0022968143437308497
2646	0.003054595145287452
2647	0.004028953101761825
2648	0.005270375473166388
2649	0.006837568498826656
2650	0.008797770186781826
2651	0.011226757083201014
2652	0.014208454069868736
2653	0.017834055714315823
2654	0.022200573818426838
2655	0.02740873992436422
2656	0.0335602146208442
2657	0.04075408796235704
2658	0.04908269683017097
2659	0.05862683438266617
2660	0.06945048162278797
2661	0.08159524831029481
2662	0.09507476582601924
2663	0.10986932333772631
2664	0.1259210755672255
2665	0.1431301705625852
2666	0.16135214469511602
2667	0.1803969063300775
2668	0.20002957760908247
2669	0.21997338592649396
2670	0.2399146956761182
2671	0.2595101517258227
2672	0.2783957760346366
2673	0.29619772676153644
2674	0.3125443050835863
2675	0.3270786889205667
2676	0.33947179432179897
2677	0.3494346222338718
2678	0.35672944608282403
2679	0.3611792363015834
2680	0.3626748003649388
2681	0.3611792363015834
2682	0.35672944608282403
2683	0.3494346222338718
2684	0.33947179432179897
2685	0.3270786889205667
2686	0.3125443050835863
2687	0.29619772676153644
2688	0.2783957760346366
2689	0.2595101517258227
2690	0.2399146956761182
2691	0.21997338592649396
2692	0.20002957760908247
2693	0.1803969063300775
2694	0.16135214469511602
2695	0.1431301705625852
2696	0.1259210755672255
2697	0.10986932333772631
2698	0.09507476582601924
2699	0.08159524831029481
2700	0.06945048162278797
2701	0.05862683438266617
2702	0.04908269683017097
2703	0.04075408796235704
2704	0.0335602146208442
2705	0.02740873992436422
2706	0.022200573818426838
2707	0.017834055714315823
2708	0.014208454069868736
2709	0.011226757083201014
2710	0.008797770186781826
2711	0.006837568498826656
2712	0.005270375473166388
2713	0.004028953101761825
2714	0.003054595145287452
2715	0.0022968143437308497
2716	0.0017128089183216471
2717	0.0012667844652031644
2718	0.0009291960000801538
2719	0.0006759626871616375
2720	0.00048769567621990344
2721	0.00034896821837222456
2722	0.0002476473223171578
2723	0.00017429791271085908
2724	0.00012166384160444124
2725	8.422512302092197e-05
2726	5.782725429057223e-05
2727	3.9376243255947954e-05
2728	2.6591741241352992e-05
2729	1.781025191261808e-05
2730	1.1830528275337671e-05
2731	7.79379543934369e-06
2732	5.092190674792332e-06
2733	3.299674503901662e-06
2734	2.120549107453818e-06
2735	1.351563195212998e-06
2736	8.543487117203855e-07
2737	5.356051821744803e-07
2738	3.3301604688272877e-07
2739	2.0535077270756624e-07
2740	1.2558515647092131e-07
2741	7.61712478044219e-08
2742	4.581995080084291e-08
2743	2.7335621750104908e-08
2744	1.6173875049103505e-08
2745	9.490956880953536e-09
2746	5.5235298634757145e-09
2747	3.188116638779685e-09
2748	1.8249983946833197e-09
2749	1.0360997312912093e-09
2750	5.833798504052916e-10
2751	3.2577074263458916e-10
2752	1.8041951889001183e-10
2753	9.909819684818281e-11
2754	5.398321847941167e-11
2755	2.916504053416888e-11
2756	1.5627056576828683e-11
2757	8.30429128033145e-12
2758	4.3766191166490506e-12
2759	2.287629673826554e-12
2760	1.1858874665208614e-12
2761	6.096941475507332e-13
2762	3.108789832159017e-13
2763	1.5721047822378936e-13
2764	7.884649717477358e-14
2765	3.9218782642135397e-14
2766	1.9347132375160483e-14
2767	9.465637897263515e-15
2768	4.592973712306267e-15
2769	2.2102877777395075e-15
2770	1.0549077282581687e-15
2771	4.993337432921377e-16
2772	2.3441108541567517e-16
2773	1.0913804397095432e-16
2774	5.0394712893554e-17
2775	2.307834036514533e-17
2776	1.0481778123614189e-17
2777	4.7214581011541104e-18
2778	2.109250239604683e-18
2779	9.345248701517197e-19
2780	4.106429861960775e-19
2781	1.7895702225575622e-19
2782	7.734707047503063e-20
2783	3.315505735284576e-20
2784	1.4095045657539783e-20
2785	5.942839207250066e-21
2786	2.4850335830180636e-21
2787	1.0305791074578644e-21
2788	4.238783108854141e-22
2789	1.7290670931494135e-22
2790	6.9950896606422e-23
2791	2.806632273344299e-23
2792	1.1168337602869864e-23
2793	4.407601698245312e-24
2794	1.7251503049730205e-24
2795	6.696722859334858e-25
2796	2.5781519059099242e-25
2797	9.843860903569925e-26
2798	3.727633650174484e-26
2799	1.3999475606153233e-26
2800	0.0
2801	0.0
2802	0.0
2803	0.0
2804	0.0
2805	0.0
2806	0.0
2807	0.0
2808	0.0
2809	0.0
2810	0.0
2811	0.0
2812	0.0
2813	0.0
2814	0.0
2815	0.0
2816	0.0
2817	0.0
2818	0.0
2819	0.0
2820	0.0
2821	0.0
2822	0.0
2823	0.0
2824	0.0
2825	0.0
2826	0.0
2827	0.0
2828	0.0
2829	0.0
2830	0.0
2831	0.0
2832	0.0
2833	0.0
2834	0.0
2835	0.0
2836	0.0
2837	0.0
2838	0.0
2839	0.0
2840	0.0
2841	0.0
2842	0.0
2843	0.0
2844	0.0
2845	0.0
2846	0.0
2847	0.0
2848	0.0
2849	0.0
2850	0.0
2851	0.0
2852	0.0
2853	0.0
2854	0.0
2855	0.0
2856	0.0
2857	0.0
2858	0.0
2859	0.0
2860	0.0
2861	0.0
2862	0.0
2863	0.0
2864	0.0
2865	0.0
2866	0.0
2867	0.0
2868	0.0
2869	0.0
2870	0.0
2871	0.0
2872	0.0
2873	0.0
2874	0.0
2875	0.0
2876	0.0
2877	0.0
2878	0.0
2879	0.0
2880	0.0
2881	0.0
2882	0.0
2883	0.0
2884	0.0
2885	0.0
2886	0.0
2887	0.0
2888	0.0
2889	0.0
2890	0.0
2891	0.0
2892	0.0
2893	0.0
2894	0.0
2895	0.0
2896	0.0
2897	0.0
2898	0.0
2899	0.0
2900	0.0
2901	0.0
2902	0.0
2903	0.0
2904	0.0
2905	0.0
2906	0.0
2907	0.0
2908	0.0
2909	0.0
2910	0.0
2911	0.0
2912	0.0
2913	0.0
2914	0.0
2915	0.0
2916	0.0
2917	0.0
2918	0.0
2919	0.0
2920	0.0
2921	0.0
2922	0.0
2923	0.0
2924	0.0
2925	0.0
2926	0.0
2927	0.0
2928	0.0
2929	0.0
2930	0.0
2931	0.0
2932	0.0
2933	0.0
2934	0.0
2935	0.0
2936	0.0
2937	0.0
2938	0.0
2939	0.0
2940	0.0
2941	0.0
2942	0.0
2943	0.0
2944	0.0
2945	0.0
2946	0.0
2947	0.0
2948	0.0
2949	0.0
2950	0.0
2951	0.0
2952	0.0
2953	0.0
2954	0.0
2955	0.0
2956	0.0
2957	0.0
2958	0.0
2959	0.0
2960	0.0
2961	0.0
2962	0.0
2963	0.0
2964	0.0
2965	0.0
2966	0.0
2967	0.0
2968	0.0
2969	0.0
2970	0.0
2971	0.0
2972	0.0
2973	0.0
2974	0.0
2975	0.0
2976	0.0
2977	0.0
2978	0.0
2979	0.0
2980	0.0
2981	0.0
2982	0.0
2983	0.0
2984	0.0
2985	0.0
2986	0.0
2987	0.0
2988	0.0
2989	0.0
2990	0.0
2991	0.0
2992	0.0
2993	0.0
2994	0.0
2995	0.0
2996	0.0
2997	0.0
2998	0.0
2999	0.0
3000	0.0
