800	0.0
801	0.0
802	0.0
803	0.0
804	0.0
805	0.0
806	0.0
807	0.0
808	0.0
809	0.0
810	0.0
811	0.0
812	0.0
813	0.0
814	0.0
815	0.0
816	0.0
817	0.0
818	0.0
819	0.0
820	0.0
821	0.0
822	0.0
823	0.0
824	0.0
825	0.0
826	0.0
827	0.0
828	0.0
829	0.0
830	0.0
831	0.0
832	0.0
833	0.0
834	0.0
835	0.0
836	0.0
837	0.0
838	0.0
839	0.0
840	0.0
841	0.0
842	0.0
843	0.0
844	0.0
845	0.0
846	0.0
847	0.0
848	0.0
849	0.0
850	0.0
851	0.0
852	0.0
853	0.0
854	0.0
855	0.0
856	0.0
857	0.0
858	0.0
859	0.0
860	0.0
861	0.0
862	0.0
863	0.0
864	0.0
865	0.0
866	0.0
867	0.0
868	0.0
869	0.0
870	0.0
871	0.0
872	0.0
873	0.0
874	0.0
875	0.0
876	0.0
877	0.0
878	0.0
879	0.0
880	0.0
881	0.0
882	0.0
883	0.0
884	0.0
885	0.0
886	0.0
887	0.0
888	0.0
889	0.0
890	0.0
891	0.0
892	0.0
893	0.0
894	0.0
895	0.0
896	0.0
897	0.0
898	0.0
899	0.0
900	0.0
901	0.0
902	0.0
903	0.0
904	0.0
905	0.0
906	0.0
907	0.0
908	0.0
909	0.0
910	0.0
911	0.0
912	0.0
913	0.0
914	0.0
915	0.0
916	0.0
917	0.0
918	0.0
919	0.0
920	0.0
921	0.0
922	0.0
923	0.0
924	0.0
925	0.0
926	0.0
927	0.0
928	0.0
929	0.0
930	0.0
931	0.0
932	0.0
933	0.0
934	0.0
935	0.0
936	0.0
937	0.0
938	0.0
939	0.0
940	0.0
941	0.0
942	0.0
943	0.0
944	0.0
945	0.0
946	0.0
947	0.0
948	0.0
949	0.0
950	0.0
951	0.0
952	0.0
953	0.0
954	0.0
955	0.0
956	0.0
957	0.0
958	0.0
959	0.0
960	0.0
961	0.0
962	0.0
963	0.0
964	0.0
965	0.0
966	0.0
967	0.0
968	0.0
969	0.0
970	0.0
971	0.0
972	0.0
973	0.0
974	0.0
975	0.0
976	0.0
977	0.0
978	0.0
979	0.0
980	0.0
981	0.0
982	0.0
983	0.0
984	0.0
985	0.0
986	0.0
987	0.0
988	0.0
989	0.0
990	0.0
991	0.0
992	0.0
993	0.0
994	0.0
995	0.0
996	0.0
997	0.0
998	0.0
999	0.0
1000	0.0
1001	0.0
1002	0.0
1003	0.0
1004	0.0
1005	0.0
1006	0.0
1007	0.0
1008	0.0
1009	0.0
1010	0.0
1011	0.0
1012	0.0
1013	0.0
1014	0.0
1015	0.0
1016	0.0
1017	0.0
1018	0.0
1019	0.0
1020	0.0
1021	0.0
1022	0.0
1023	0.0
1024	0.0
1025	0.0
1026	0.0
1027	0.0
1028	0.0
1029	0.0
1030	0.0
1031	0.0
1032	0.0
1033	0.0
1034	0.0
1035	0.0
1036	0.0
1037	0.0
1038	0.0
1039	0.0
1040	0.0
1041	0.0
1042	0.0
1043	0.0
1044	0.0
1045	0.0
1046	0.0
1047	0.0
1048	0.0
1049	0.0
1050	0.0
1051	0.0
1052	0.0
1053	0.0
1054	0.0
1055	0.0
1056	0.0
1057	0.0
1058	0.0
1059	0.0
1060	0.0
1061	0.0
1062	0.0
1063	0.0
1064	0.0
1065	0.0
1066	0.0
1067	0.0
1068	0.0
1069	0.0
1070	0.0
1071	0.0
1072	0.0
1073	0.0
1074	0.0
1075	0.0
1076	0.0
1077	0.0
1078	0.0
1079	0.0
1080	0.0
1081	0.0
1082	0.0
1083	0.0
1084	0.0
1085	0.0
1086	0.0
1087	0.0
1088	0.0
1089	0.0
1090	0.0
1091	0.0
1092	0.0
1093	0.0
1094	0.0
1095	0.0
1096	0.0
1097	0.0
1098	0.0
1099	0.0
1100	0.0
1101	0.0
1102	0.0
1103	0.0
1104	0.0
1105	0.0
1106	0.0
1107	0.0
1108	0.0
1109	0.0
1110	0.0
1111	0.0
1112	0.0
1113	0.0
1114	0.0
1115	0.0
1116	0.0
1117	0.0
1118	0.0
1119	0.0
1120	0.0
1121	0.0
1122	0.0
1123	0.0
1124	0.0
1125	0.0
1126	0.0
1127	0.0
1128	0.0
1129	0.0
1130	0.0
1131	0.0
1132	0.0
1133	0.0
1134	0.0
1135	0.0
1136	0.0
1137	0.0
1138	0.0
1139	0.0
1140	0.0
1141	0.0
1142	0.0
1143	0.0
1144	0.0
1145	0.0
1146	0.0
1147	0.0
1148	0.0
1149	0.0
1150	0.0
1151	0.0
1152	0.0
1153	0.0
1154	0.0
1155	0.0
1156	0.0
1157	0.0
1158	0.0
1159	0.0
1160	0.0
1161	0.0
1162	0.0
1163	0.0
1164	0.0
1165	0.0
1166	0.0
1167	0.0
1168	0.0
1169	0.0
1170	0.0
1171	0.0
1172	0.0
1173	0.0
1174	0.0
1175	0.0
1176	0.0
1177	0.0
1178	0.0
1179	0.0
1180	0.0
1181	0.0
1182	0.0
1183	0.0
1184	0.0
1185	0.0
1186	0.0
1187	0.0
1188	0.0
1189	0.0
1190	0.0
1191	0.0
1192	0.0
1193	0.0
1194	0.0
1195	0.0
1196	0.0
1197	0.0
1198	0.0
1199	0.0
1200	0.0
1201	0.0
1202	0.0
1203	0.0
1204	0.0
1205	0.0
1206	0.0
1207	0.0
1208	0.0
1209	0.0
1210	0.0
1211	0.0
1212	0.0
1213	0.0
1214	0.0
1215	0.0
1216	0.0
1217	0.0
1218	0.0
1219	0.0
1220	0.0
1221	0.0
1222	0.0
1223	0.0
1224	0.0
1225	0.0
1226	0.0
1227	0.0
1228	0.0
1229	0.0
1230	0.0
1231	0.0
1232	0.0
1233	0.0
1234	0.0
1235	0.0
1236	0.0
1237	0.0
1238	0.0
1239	0.0
1240	0.0
1241	0.0
1242	0.0
1243	0.0
1244	0.0
1245	0.0
1246	0.0
1247	0.0
1248	0.0
1249	0.0
1250	0.0
1251	0.0
1252	0.0
1253	0.0
1254	0.0
1255	0.0
1256	0.0
1257	0.0
1258	0.0
1259	0.0
1260	0.0
1261	0.0
1262	0.0
1263	0.0
1264	0.0
1265	0.0
1266	0.0
1267	0.0
1268	0.0
1269	0.0
1270	0.0
1271	0.0
1272	0.0
1273	0.0
1274	0.0
1275	0.0
1276	0.0
1277	0.0
1278	0.0
1279	0.0
1280	0.0
1281	0.0
1282	0.0
1283	0.0
1284	0.0
1285	0.0
1286	0.0
1287	0.0
1288	0.0
1289	0.0
1290	0.0
1291	0.0
1292	0.0
1293	0.0
1294	0.0
1295	0.0
1296	0.0
1297	0.0
1298	0.0
1299	0.0
1300	3.553594128800589e-12
1301	8.096962033530106e-12
1302	1.8195558303737768e-11
1303	4.0327163167896786e-11
1304	8.814931926329335e-11
1305	1.9003310166934017e-10
1306	4.0404390015753886e-10
1307	8.472602978716588e-10
1308	1.7522423043367268e-09
1309	3.5740487351901683e-09
1310	7.189782999460748e-09
1311	1.426461646205552e-08
1312	2.791215827807967e-08
1313	5.386612603263526e-08
1314	1.0252436080828964e-07
1315	1.9245420363503125e-07
1316	3.56300749882329e-07
1317	6.505715614481493e-07
1318	1.171554286206369e-06
1319	2.0807445379838626e-06
1320	3.6447195221194193e-06
1321	6.296489252766708e-06
1322	1.072807555695822e-05
1323	1.8027445214187696e-05
1324	2.9876901065224865e-05
1325	4.8834406867315115e-05
1326	7.872366221463846e-05
1327	0.00012516233738056403
1328	0.0001962596609822731
1329	0.000303513090861315
1330	0.0004629273226632268
1331	0.0006963654327117981
1332	0.0010331195955202664
1333	0.0015116560863285438
1334	0.0021814456575315944
1335	0.0031047369051184293
1336	0.004358070114868878
1337	0.006033268120184493
1338	0.008237587532375131
1339	0.011092679436587788
1340	0.014732005983654595
1341	0.019296400936004623
1342	0.02492755858274772
1343	0.03175939206658121
1344	0.0399074170316332
1345	0.04945657783343181
1346	0.06044821878063721
1347	0.07286717925855157
1348	0.08663021886453501
1349	0.10157711386142985
1350	0.11746577002705627
1351	0.13397254106100856
1352	0.1506986157798962
1353	0.16718285419212844
1354	0.18292085018277476
1355	0.1973893381401147
1356	0.2100744204674002
1357	0.22050155735381954
1358	0.22826490848509695
1359	0.23305350898374022
1360	0.2346719296479016
1361	0.23305350898374022
1362	0.22826490848509695
1363	0.22050155735381954
1364	0.2100744204674002
1365	0.1973893381401147
1366	0.18292085018277476
1367	0.16718285419212844
1368	0.1506986157798962
1369	0.13397254106100856
1370	0.11746577002705627
1371	0.10157711386142985
1372	0.08663021886453501
1373	0.07286717925855157
1374	0.06044821878063721
1375	0.04945657783343181
1376	0.0399074170316332
1377	0.03175939206658121
1378	0.02492755858274772
1379	0.019296400936004623
1380	0.014732005983654595
1381	0.011092679436587788
1382	0.008237587532375131
1383	0.006033268120184493
1384	0.004358070114868878
1385	0.0031047369051184293
1386	0.0021814456575315944
1387	0.0015116560863285438
1388	0.0010331195955202664
1389	0.0006963654327117981
1390	0.0004629273226632268
1391	0.000303513090861315
1392	0.0001962596609822731
1393	0.00012516233738056403
1394	7.872366221463846e-05
1395	4.8834406867315115e-05
1396	2.9876901065224865e-05
1397	1.8027445214187696e-05
1398	1.072807555695822e-05
1399	6.296489252766708e-06
1400	0.0
1401	0.0
1402	0.0
1403	0.0
1404	0.0
1405	0.0
1406	0.0
1407	0.0
1408	0.0
1409	0.0
1410	0.0
1411	0.0
1412	0.0
1413	0.0
1414	0.0
1415	0.0
1416	0.0
1417	0.0
1418	0.0
1419	0.0
1420	0.0
1421	0.0
1422	0.0
1423	0.0
1424	0.0
1425	0.0
1426	0.0
1427	0.0
1428	0.0
1429	0.0
1430	0.0
1431	0.0
1432	0.0
1433	0.0
1434	0.0
1435	0.0
1436	0.0
1437	0.0
1438	0.0
1439	0.0
1440	0.0
1441	0.0
1442	0.0
1443	0.0
1444	0.0
1445	0.0
1446	0.0
1447	0.0
1448	0.0
1449	0.0
1450	0.0
1451	0.0
1452	0.0
1453	0.0
1454	0.0
1455	0.0
1456	0.0
1457	0.0
1458	0.0
1459	0.0
1460	0.0
1461	0.0
1462	0.0
1463	0.0
1464	0.0
1465	0.0
1466	0.0
1467	0.0
1468	0.0
1469	0.0
1470	0.0
1471	0.0
1472	0.0
1473	0.0
1474	0.0
1475	0.0
1476	0.0
1477	0.0
1478	0.0
1479	0.0
1480	0.0
1481	0.0
1482	0.0
1483	0.0
1484	0.0
1485	0.0
1486	0.0
1487	0.0
1488	0.0
1489	0.0
1490	0.0
1491	0.0
1492	0.0
1493	0.0
1494	0.0
1495	0.0
1496	0.0
1497	0.0
1498	0.0
1499	0.0
1500	2.3743496449952707e-05
1501	2.9592775658305063e-05
1502	3.6781014050086783e-05
1503	4.558885277431344e-05
1504	5.634956874310963e-05
1505	6.945755603700195e-05
1506	8.537788015337414e-05
1507	0.00010465698162150975
1508	0.00012793459869050926
1509	0.00015595696868559602
1510	0.00018959135374398245
1511	0.00022984191850942376
1512	0.0002778669645337841
1513	0.00033499749819658703
1514	0.0004027570755685113
1515	0.00048288282856330246
1516	0.0005773475318163103
1517	0.0006883825190185884
1518	0.0008185012011251731
1519	0.0009705228773571732
1520	0.0011475964638806102
1521	0.001353223695385269
1522	0.001591281282704018
1523	0.001866041436605477
1524	0.0021821900957648605
1525	0.0025448421277753284
1526	0.0029595527082981543
1527	0.003432324027716507
1528	0.0039696064298236486
1529	0.0045782930561700606
1530	0.005265707055831145
1531	0.006039580426652918
1532	0.006908023583499132
1533	0.007879484804456181
1534	0.008962698789804316
1535	0.010166623682816416
1536	0.01150036604747169
1537	0.012973093476602478
1538	0.014593934714595401
1539	0.016371867420330876
1540	0.018315593966283007
1541	0.020433405965192847
1542	0.022733038531868657
1543	0.02522151561868029
1544	0.027904988102285838
1545	0.030788566638089026
1546	0.033876151628993864
1547	0.037170262966570944
1548	0.04067187248564493
1549	0.04438024231716971
1550	0.04829277251875901
1551	0.05240486149745635
1552	0.05670978280608587
1553	0.061198581884758255
1554	0.06585999622622093
1555	0.07068040226295516
1556	0.0756437920025713
1557	0.08073178207585074
1558	0.08592365741102369
1559	0.09119645121355684
1560	0.09652506232060884
1561	0.10188241032384984
1562	0.10723962812655828
1563	0.11256629083614603
1564	0.11783067910885774
1565	0.12300007427824292
1566	0.12804108183308024
1567	0.13291997908421577
1568	0.13760308219362657
1569	0.1420571271525619
1570	0.14624965880708063
1571	0.1501494216549281
1572	0.15372674589111038
1573	0.15695392207126976
1574	0.15980555779903396
1575	0.162258910029052
1576	0.16429418691050868
1577	0.16589481357147662
1578	0.16704765685337658
1579	0.1677432047340682
1580	0.16797569701113005
1581	0.16774320473407064
1582	0.16704765685338802
1583	0.16589481357152788
1584	0.16429418691072947
1585	0.16225891002996545
1586	0.15980555780266492
1587	0.15695392208513656
1588	0.1537267459419918
1589	0.1501494218343065
1590	0.14624965941466891
1591	0.14205712912988155
1592	0.13760308837624707
1593	0.13291999765783422
1594	0.12804113544343368
1595	0.12300022295019439
1596	0.11783107523876683
1597	0.11256730492135257
1598	0.10724212237368728
1599	0.1018883046306255
1600	0.09653844534318533
1601	0.09122564590613598
1602	0.08598484760403506
1603	0.08085500399269804
1604	0.0758822008227178
1605	0.07112358710414896
1606	0.06665154138451893
1607	0.06255687880812681
1608	0.058949235835570164
1609	0.05595232078207949
1610	0.053691869170077816
1611	0.05227525814725913
1612	0.051763955953590485
1613	0.05214300953014543
1614	0.053294757127315164
1615	0.05498563909000336
1616	0.05687414337843411
1617	0.05854397590786026
1618	0.05956005256220099
1619	0.059537675362738435
1620	0.05820982200642627
1621	0.05547613681787647
1622	0.05142094874492773
1623	0.04629555376578245
1624	0.040469521323619966
1625	0.03436369613473075
1626	0.028381304288125617
1627	0.02285223136803067
1628	0.018000107051444687
1629	0.013934596256742333
1630	0.01066480370714995
1631	0.008125752340793203
1632	0.006209059459307938
1633	0.004790620951085069
1634	0.0037510978665961513
1635	0.0029880269689691293
1636	0.0024205989159113445
1637	0.001989263353452779
1638	0.001652471475715395
1639	0.0013824183879644152
1640	0.0011609794864570987
1641	0.0009764171841328272
1642	0.0008209954482541784
1643	0.000689396604225137
1644	0.0005777436617254134
1645	0.00048303150051477587
1646	0.00040281068592195826
1647	0.0003350160718150326
1648	0.00027787314715428424
1649	0.0002298438958290644
1650	0.00018959196133226745
1651	0.00015595714806398682
1652	0.00012793464957191209
1653	0.0001046569954883097
1654	8.537788378433564e-05
1655	6.945755695047399e-05
1656	5.6349568963908626e-05
1657	4.558885282559098e-05
1658	3.678101406152835e-05
1659	2.9592775660757917e-05
1660	0.0
1661	0.0
1662	0.0
1663	0.0
1664	0.0
1665	0.0
1666	0.0
1667	0.0
1668	0.0
1669	0.0
1670	0.0
1671	0.0
1672	0.0
1673	0.0
1674	0.0
1675	0.0
1676	0.0
1677	0.0
1678	0.0
1679	0.0
1680	0.0
1681	0.0
1682	0.0
1683	0.0
1684	0.0
1685	0.0
1686	0.0
1687	0.0
1688	0.0
1689	0.0
1690	0.0
1691	0.0
1692	0.0
1693	0.0
1694	0.0
1695	0.0
1696	0.0
1697	0.0
1698	0.0
1699	0.0
1700	0.0
1701	0.0
1702	0.0
1703	0.0
1704	0.0
1705	0.0
1706	0.0
1707	0.0
1708	0.0
1709	0.0
1710	0.0
1711	0.0
1712	0.0
1713	0.0
1714	0.0
1715	0.0
1716	0.0
1717	0.0
1718	0.0
1719	0.0
1720	0.0
1721	0.0
1722	0.0
1723	0.0
1724	0.0
1725	0.0
1726	0.0
1727	0.0
1728	0.0
1729	0.0
1730	0.0
1731	0.0
1732	0.0
1733	0.0
1734	0.0
1735	0.0
1736	0.0
1737	0.0
1738	0.0
1739	0.0
1740	0.0
1741	0.0
1742	0.0
1743	0.0
1744	0.0
1745	0.0
1746	0.0
1747	0.0
1748	0.0
1749	0.0
1750	0.0
1751	0.0
1752	0.0
1753	0.0
1754	0.0
1755	0.0
1756	0.0
1757	0.0
1758	0.0
1759	0.0
1760	0.0
1761	0.0
1762	0.0
1763	0.0
1764	0.0
1765	0.0
1766	0.0
1767	0.0
1768	0.0
1769	0.0
1770	0.0
1771	0.0
1772	0.0
1773	0.0
1774	0.0
1775	0.0
1776	0.0
1777	0.0
1778	0.0
1779	0.0
1780	0.0
1781	0.0
1782	0.0
1783	0.0
1784	0.0
1785	0.0
1786	0.0
1787	0.0
1788	0.0
1789	0.0
1790	0.0
1791	0.0
1792	0.0
1793	0.0
1794	0.0
1795	0.0
1796	0.0
1797	0.0
1798	0.0
1799	0.0
1800	0.0
1801	0.0
1802	0.0
1803	0.0
1804	0.0
1805	0.0
1806	0.0
1807	0.0
1808	0.0
1809	0.0
1810	0.0
1811	0.0
1812	0.0
1813	0.0
1814	0.0
1815	0.0
1816	0.0
1817	0.0
1818	0.0
1819	0.0
1820	0.0
1821	0.0
1822	0.0
1823	0.0
1824	0.0
1825	0.0
1826	0.0
1827	0.0
1828	0.0
1829	0.0
1830	0.0
1831	0.0
1832	0.0
1833	0.0
1834	0.0
1835	0.0
1836	0.0
1837	0.0
1838	0.0
1839	0.0
1840	0.0
1841	0.0
1842	0.0
1843	0.0
1844	0.0
1845	0.0
1846	0.0
1847	0.0
1848	0.0
1849	0.0
1850	0.0
1851	0.0
1852	0.0
1853	0.0
1854	0.0
1855	0.0
1856	0.0
1857	0.0
1858	0.0
1859	0.0
1860	0.0
1861	0.0
1862	0.0
1863	0.0
1864	0.0
1865	0.0
1866	0.0
1867	0.0
1868	0.0
1869	0.0
1870	0.0
1871	0.0
1872	0.0
1873	0.0
1874	0.0
1875	0.0
1876	0.0
1877	0.0
1878	0.0
1879	0.0
1880	0.0
1881	0.0
1882	0.0
1883	0.0
1884	0.0
1885	0.0
1886	0.0
1887	0.0
1888	0.0
1889	0.0
1890	0.0
1891	0.0
1892	0.0
1893	0.0
1894	0.0
1895	0.0
1896	0.0
1897	0.0
1898	0.0
1899	0.0
1900	0.0
1901	0.0
1902	0.0
1903	0.0
1904	0.0
1905	0.0
1906	0.0
1907	0.0
1908	0.0
1909	0.0
1910	0.0
1911	0.0
1912	0.0
1913	0.0
1914	0.0
1915	0.0
1916	0.0
1917	0.0
1918	0.0
1919	0.0
1920	0.0
1921	0.0
1922	0.0
1923	0.0
1924	0.0
1925	0.0
1926	0.0
1927	0.0
1928	0.0
1929	0.0
1930	0.0
1931	0.0
1932	0.0
1933	0.0
1934	0.0
1935	0.0
1936	0.0
1937	0.0
1938	0.0
1939	0.0
1940	0.0
1941	0.0
1942	0.0
1943	0.0
1944	0.0
1945	0.0
1946	0.0
1947	0.0
1948	0.0
1949	0.0
1950	0.0
1951	0.0
1952	0.0
1953	0.0
1954	0.0
1955	0.0
1956	0.0
1957	0.0
1958	0.0
1959	0.0
1960	0.0
1961	0.0
1962	0.0
1963	0.0
1964	0.0
1965	0.0
1966	0.0
1967	0.0
1968	0.0
1969	0.0
1970	0.0
1971	0.0
1972	0.0
1973	0.0
1974	0.0
1975	0.0
1976	0.0
1977	0.0
1978	0.0
1979	0.0
1980	0.0
1981	0.0
1982	0.0
1983	0.0
1984	0.0
1985	0.0
1986	0.0
1987	0.0
1988	0.0
1989	0.0
1990	0.0
1991	0.0
1992	0.0
1993	0.0
1994	0.0
1995	0.0
1996	0.0
1997	0.0
1998	0.0
1999	0.0
2000	0.0
2001	0.0
2002	0.0
2003	0.0
2004	0.0
2005	0.0
2006	0.0
2007	0.0
2008	0.0
2009	0.0
2010	0.0
2011	0.0
2012	0.0
2013	0.0
2014	0.0
2015	0.0
2016	0.0
2017	0.0
2018	0.0
2019	0.0
2020	0.0
2021	0.0
2022	0.0
2023	0.0
2024	0.0
2025	0.0
2026	0.0
2027	0.0
2028	0.0
2029	0.0
2030	0.0
2031	0.0
2032	0.0
2033	0.0
2034	0.0
2035	0.0
2036	0.0
2037	0.0
2038	0.0
2039	0.0
2040	0.0
2041	0.0
2042	0.0
2043	0.0
2044	0.0
2045	0.0
2046	0.0
2047	0.0
2048	0.0
2049	0.0
2050	0.0
2051	0.0
2052	0.0
2053	0.0
2054	0.0
2055	0.0
2056	0.0
2057	0.0
2058	0.0
2059	0.0
2060	0.0
2061	0.0
2062	0.0
2063	0.0
2064	0.0
2065	0.0
2066	0.0
2067	0.0
2068	0.0
2069	0.0
2070	0.0
2071	0.0
2072	0.0
2073	0.0
2074	0.0
2075	0.0
2076	0.0
2077	0.0
2078	0.0
2079	0.0
2080	0.0
2081	0.0
2082	0.0
2083	0.0
2084	0.0
2085	0.0
2086	0.0
2087	0.0
2088	0.0
2089	0.0
2090	0.0
2091	0.0
2092	0.0
2093	0.0
2094	0.0
2095	0.0
2096	0.0
2097	0.0
2098	0.0
2099	0.0
2100	0.0
2101	0.0
2102	0.0
2103	0.0
2104	0.0
2105	0.0
2106	0.0
2107	0.0
2108	0.0
2109	0.0
2110	0.0
2111	0.0
2112	0.0
2113	0.0
2114	0.0
2115	0.0
2116	0.0
2117	0.0
2118	0.0
2119	0.0
2120	0.0
2121	0.0
2122	0.0
2123	0.0
2124	0.0
2125	0.0
2126	0.0
2127	0.0
2128	0.0
2129	0.0
2130	0.0
2131	0.0
2132	0.0
2133	0.0
2134	0.0
2135	0.0
2136	0.0
2137	0.0
2138	0.0
2139	0.0
2140	0.0
2141	0.0
2142	0.0
2143	0.0
2144	0.0
2145	0.0
2146	0.0
2147	0.0
2148	0.0
2149	0.0
2150	0.0
2151	0.0
2152	0.0
2153	0.0
2154	0.0
2155	0.0
2156	0.0
2157	0.0
2158	0.0
2159	0.0
2160	0.0
2161	0.0
2162	0.0
2163	0.0
2164	0.0
2165	0.0
2166	0.0
2167	0.0
2168	0.0
2169	0.0
2170	0.0
2171	0.0
2172	0.0
2173	0.0
2174	0.0
2175	0.0
2176	0.0
2177	0.0
2178	0.0
2179	0.0
2180	0.0
2181	0.0
2182	0.0
2183	0.0
2184	0.0
2185	0.0
2186	0.0
2187	0.0
2188	0.0
2189	0.0
2190	0.0
2191	0.0
2192	0.0
2193	0.0
2194	0.0
2195	0.0
2196	0.0
2197	0.0
2198	0.0
2199	0.0
2200	0.0
2201	0.0
2202	0.0
2203	0.0
2204	0.0
2205	0.0
2206	0.0
2207	0.0
2208	0.0
2209	0.0
2210	0.0
2211	0.0
2212	0.0
2213	0.0
2214	0.0
2215	0.0
2216	0.0
2217	0.0
2218	0.0
2219	0.0
2220	0.0
2221	0.0
2222	0.0
2223	0.0
2224	0.0
2225	0.0
2226	0.0
2227	0.0
2228	0.0
2229	0.0
2230	0.0
2231	0.0
2232	0.0
2233	0.0
2234	0.0
2235	0.0
2236	0.0
2237	0.0
2238	0.0
2239	0.0
2240	0.0
2241	0.0
2242	0.0
2243	0.0
2244	0.0
2245	0.0
2246	0.0
2247	0.0
2248	0.0
2249	0.0
2250	0.0
2251	0.0
2252	0.0
2253	0.0
2254	0.0
2255	0.0
2256	0.0
2257	0.0
2258	0.0
2259	0.0
2260	0.0
2261	0.0
2262	0.0
2263	0.0
2264	0.0
2265	0.0
2266	0.0
2267	0.0
2268	0.0
2269	0.0
2270	0.0
2271	0.0
2272	0.0
2273	0.0
2274	0.0
2275	0.0
2276	0.0
2277	0.0
2278	0.0
2279	0.0
2280	0.0
2281	0.0
2282	0.0
2283	0.0
2284	0.0
2285	0.0
2286	0.0
2287	0.0
2288	0.0
2289	0.0
2290	0.0
2291	0.0
2292	0.0
2293	0.0
2294	0.0
2295	0.0
2296	0.0
2297	0.0
2298	0.0
2299	0.0
2300	0.0
2301	0.0
2302	0.0
2303	0.0
2304	0.0
2305	0.0
2306	0.0
2307	0.0
2308	0.0
2309	0.0
2310	0.0
2311	0.0
2312	0.0
2313	0.0
2314	0.0
2315	0.0
2316	0.0
2317	0.0
2318	0.0
2319	0.0
2320	0.0
2321	0.0
2322	0.0
2323	0.0
2324	0.0
2325	0.0
2326	0.0
2327	0.0
2328	0.0
2329	0.0
2330	0.0
2331	0.0
2332	0.0
2333	0.0
2334	0.0
2335	0.0
2336	0.0
2337	0.0
2338	0.0
2339	0.0
2340	0.0
2341	0.0
2342	0.0
2343	0.0
2344	0.0
2345	0.0
2346	0.0
2347	0.0
2348	0.0
2349	0.0
2350	0.0
2351	0.0
2352	0.0
2353	0.0
2354	0.0
2355	0.0
2356	0.0
2357	0.0
2358	0.0
2359	0.0
2360	0.0
2361	0.0
2362	0.0
2363	0.0
2364	0.0
2365	0.0
2366	0.0
2367	0.0
2368	0.0
2369	0.0
2370	0.0
2371	0.0
2372	0.0
2373	0.0
2374	0.0
2375	0.0
2376	0.0
2377	0.0
2378	0.0
2379	0.0
2380	0.0
2381	0.0
2382	0.0
2383	0.0
2384	0.0
2385	0.0
2386	0.0
2387	0.0
2388	0.0
2389	0.0
2390	0.0
2391	0.0
2392	0.0
2393	0.0
2394	0.0
2395	0.0
2396	0.0
2397	0.0
2398	0.0
2399	0.0
2400	0.0
2401	0.0
2402	0.0
2403	0.0
2404	0.0
2405	0.0
2406	0.0
2407	0.0
2408	0.0
2409	0.0
2410	0.0
2411	0.0
2412	0.0
2413	0.0
2414	0.0
2415	0.0
2416	0.0
2417	0.0
2418	0.0
2419	0.0
2420	0.0
2421	0.0
2422	0.0
2423	0.0
2424	0.0
2425	0.0
2426	0.0
2427	0.0
2428	0.0
2429	0.0
2430	0.0
2431	0.0
2432	0.0
2433	0.0
2434	0.0
2435	0.0
2436	0.0
2437	0.0
2438	0.0
2439	0.0
2440	0.0
2441	0.0
2442	0.0
2443	0.0
2444	0.0
2445	0.0
2446	0.0
2447	0.0
2448	0.0
2449	0.0
2450	0.0
2451	0.0
2452	0.0
2453	0.0
2454	0.0
2455	0.0
2456	0.0
2457	0.0
2458	0.0
2459	0.0
2460	0.0
2461	0.0
2462	0.0
2463	0.0
2464	0.0
2465	0.0
2466	0.0
2467	0.0
2468	0.0
2469	0.0
2470	0.0
2471	0.0
2472	0.0
2473	0.0
2474	0.0
2475	0.0
2476	0.0
2477	0.0
2478	0.0
2479	0.0
2480	0.0
2481	0.0
2482	0.0
2483	0.0
2484	0.0
2485	0.0
2486	0.0
2487	0.0
2488	0.0
2489	0.0
2490	0.0
2491	0.0
2492	0.0
2493	0.0
2494	0.0
2495	0.0
2496	0.0
2497	0.0
2498	0.0
2499	0.0
2500	5.848296021562559e-111
2501	9.662503222840664e-110
2502	1.5716799222364951e-108
2503	2.5168231927977638e-107
2504	3.9678519410315786e-106
2505	6.1584633021308934e-105
2506	9.410298639491901e-104
2507	1.4156262369919768e-102
2508	2.0965631535679896e-101
2509	3.056901488556026e-100
2510	4.388024933156685e-99
2511	6.201130607818889e-98
2512	8.627536775159026e-97
2513	1.181726320156642e-95
2514	1.5935333119471257e-94
2515	2.115531680648951e-93
2516	2.7649804752632134e-92
2517	3.557777245304234e-91
2518	4.506917269659481e-90
2519	5.6207538649449744e-89
2520	6.901185452699704e-88
2521	8.34193837634501e-87
2522	9.927145908017823e-86
2523	1.1630435622285511e-84
2524	1.3414722925853318e-83
2525	1.523286457101785e-82
2526	1.7029253232935447e-81
2527	1.8742338407212817e-80
2528	2.0307950459670102e-79
2529	2.166319775164124e-78
2530	2.2750617130515385e-77
2531	2.352220053113161e-76
2532	2.39429061458992e-75
2533	2.399329683182775e-74
2534	2.3671029102675947e-73
2535	2.299103383526051e-72
2536	2.19843692824388e-71
2537	2.0695869114833854e-70
2538	1.918083354710627e-69
2539	1.7501103475750152e-68
2540	1.5720904785977422e-67
2541	1.3902848521011152e-66
2542	1.2104425816895852e-65
2543	1.037525415539756e-64
2544	8.755227667898228e-64
2545	7.273614707658327e-63
2546	5.949045483459213e-62
2547	4.790252819631331e-61
2548	3.797377123487404e-60
2549	2.963624477059881e-59
2550	2.277072010540894e-58
2551	1.7224415993940857e-57
2552	1.2827038409898795e-56
2553	9.404212486704723e-56
2554	6.787855996891044e-55
2555	4.823440836081355e-54
2556	3.3743912807357347e-53
2557	2.3240639452987332e-52
2558	1.575849923673448e-51
2559	1.0519516653885227e-50
2560	6.91338693730552e-50
2561	4.4730123024087986e-49
2562	2.849203500818944e-48
2563	1.7867384964254708e-47
2564	1.103094371824353e-46
2565	6.7046867436967525e-46
2566	4.0119772630249464e-45
2567	2.3634835467798443e-44
2568	1.3707581992362141e-43
2569	7.826782584854766e-43
2570	4.3996672974942104e-42
2571	2.434840693707054e-41
2572	1.3265860173940204e-40
2573	7.11564753949939e-40
2574	3.757574407624682e-39
2575	1.953506673890752e-38
2576	9.998534696258516e-38
2577	5.03816011501477e-37
2578	2.4993191777731818e-36
2579	1.2206344601884094e-35
2580	5.868994197468933e-35
2581	2.778151226143182e-34
2582	1.294679387026044e-33
2583	5.939949234235572e-33
2584	2.6829796695788255e-32
2585	1.1930706966609888e-31
2586	5.223109430678308e-31
2587	2.2511592548934666e-30
2588	9.552069264484005e-30
2589	3.990275255794027e-29
2590	1.6410522007692536e-28
2591	6.644404832527242e-28
2592	2.6485240668866922e-27
2593	1.039359788847446e-26
2594	4.0155223395268e-26
2595	1.5273280603729946e-25
2596	5.719219488151007e-25
2597	2.1084113515880963e-24
2598	7.652231081558902e-24
2599	2.734229443273202e-23
2600	9.618248283383024e-23
2601	3.3309733679853403e-22
2602	1.1356917889970832e-21
2603	3.812097150791914e-21
2604	1.2597419242875015e-20
2605	4.0983906734767964e-20
2606	1.3126812287462964e-19
2607	4.1392279502359886e-19
2608	1.2849716964586145e-18
2609	3.927190135831084e-18
2610	1.1816379852378566e-17
2611	3.500266466938314e-17
2612	1.020779453958694e-16
2613	2.9307372308803907e-16
2614	8.28392181996094e-16
2615	2.3052033942708368e-15
2616	6.315338854421116e-15
2617	1.7033277199712565e-14
2618	4.522868063890647e-14
2619	1.1823437850983154e-13
2620	3.0429006662862625e-13
2621	7.709849960672573e-13
2622	1.9231724382015937e-12
2623	4.7228556820801126e-12
2624	1.1418400510455744e-11
2625	2.7178157946487088e-11
2626	6.368672448554605e-11
2627	1.4692373373812872e-10
2628	3.336945768453565e-10
2629	7.461402864292903e-10
2630	1.642502272694855e-09
2631	3.559636222871027e-09
2632	7.594853562279107e-09
2633	1.595318275442055e-08
2634	3.299054004463217e-08
2635	6.716540813211438e-08
2636	1.3462200053179095e-07
2637	2.65644342288786e-07
2638	5.160588735787498e-07
2639	9.869884675867493e-07
2640	1.8583993934178724e-06
2641	3.444928246937465e-06
2642	6.286884110740558e-06
2643	1.1295484861314218e-05
2644	1.997967638363185e-05
2645	3.47925427865186e-05
2646	5.964829567650619e-05
2647	0.00010067556069449267
2648	0.0001672877822061067
2649	0.00027366454720576514
2650	0.0004407446029593068
2651	0.0006988269027902061
2652	0.0010908533688072002
2653	0.0016763985918629722
2654	0.00253631007162471
2655	0.003777822543998446
2656	0.005539810514922509
2657	0.007997650388404446
2658	0.011366953126988816
2659	0.01590522699603929
2660	0.021910375616960676
2661	0.029714876037392257
2662	0.03967456479458427
2663	0.05215123157042326
2664	0.06748870814148508
2665	0.08598284478336488
2666	0.10784664853313941
2667	0.13317283516323133
2668	0.16189699458236467
2669	0.19376533182286654
2670	0.2283113567362774
2671	0.26484580721962436
2672	0.3024634056489292
2673	0.34006874797317943
2674	0.3764217901935055
2675	0.41020121068796883
2676	0.4400816584553744
2677	0.4648188673372112
2678	0.48333514600356164
2679	0.4947971086809369
2680	0.49867785050179086
2681	0.4947971086809369
2682	0.48333514600356164
2683	0.4648188673372112
2684	0.4400816584553744
2685	0.41020121068796883
2686	0.3764217901935055
2687	0.34006874797317943
2688	0.3024634056489292
2689	0.26484580721962436
2690	0.2283113567362774
2691	0.19376533182286654
2692	0.16189699458236467
2693	0.13317283516323133
2694	0.10784664853313941
2695	0.08598284478336488
2696	0.06748870814148508
2697	0.05215123157042326
2698	0.03967456479458427
2699	0.029714876037392257
2700	0.021910375616960676
2701	0.01590522699603929
2702	0.011366953126988816
2703	0.007997650388404446
2704	0.005539810514922509
2705	0.003777822543998446
2706	0.00253631007162471
2707	0.0016763985918629722
2708	0.0010908533688072002
2709	0.0006988269027902061
2710	0.0004407446029593068
2711	0.00027366454720576514
2712	0.0001672877822061067
2713	0.00010067556069449267
2714	5.964829567650619e-05
2715	3.47925427865186e-05
2716	1.997967638363185e-05
2717	1.1295484861314218e-05
2718	6.286884110740558e-06
2719	3.444928246937465e-06
2720	1.8583993934178724e-06
2721	9.869884675867493e-07
2722	5.160588735787498e-07
2723	2.65644342288786e-07
2724	1.3462200053179095e-07
2725	6.716540813211438e-08
2726	3.299054004463217e-08
2727	1.595318275442055e-08
2728	7.594853562279107e-09
2729	3.559636222871027e-09
2730	1.642502272694855e-09
2731	7.461402864292903e-10
2732	3.336945768453565e-10
2733	1.4692373373812872e-10
2734	6.368672448554605e-11
2735	2.7178157946487088e-11
2736	1.1418400510455744e-11
2737	4.7228556820801126e-12
2738	1.9231724382015937e-12
2739	7.709849960672573e-13
2740	3.0429006662862625e-13
2741	1.1823437850983154e-13
2742	4.522868063890647e-14
2743	1.7033277199712565e-14
2744	6.315338854421116e-15
2745	2.3052033942708368e-15
2746	8.28392181996094e-16
2747	2.9307372308803907e-16
2748	1.020779453958694e-16
2749	3.500266466938314e-17
2750	1.1816379852378566e-17
2751	3.927190135831084e-18
2752	1.2849716964586145e-18
2753	4.1392279502359886e-19
2754	1.3126812287462964e-19
2755	4.0983906734767964e-20
2756	1.2597419242875015e-20
2757	3.812097150791914e-21
2758	1.1356917889970832e-21
2759	3.3309733679853403e-22
2760	9.618248283383024e-23
2761	2.734229443273202e-23
2762	7.652231081558902e-24
2763	2.1084113515880963e-24
2764	5.719219488151007e-25
2765	1.5273280603729946e-25
2766	4.0155223395268e-26
2767	1.039359788847446e-26
2768	2.6485240668866922e-27
2769	6.644404832527242e-28
2770	1.6410522007692536e-28
2771	3.990275255794027e-29
2772	9.552069264484005e-30
2773	2.2511592548934666e-30
2774	5.223109430678308e-31
2775	1.1930706966609888e-31
2776	2.6829796695788255e-32
2777	5.939949234235572e-33
2778	1.294679387026044e-33
2779	2.778151226143182e-34
2780	5.868994197468933e-35
2781	1.2206344601884094e-35
2782	2.4993191777731818e-36
2783	5.03816011501477e-37
2784	9.998534696258516e-38
2785	1.953506673890752e-38
2786	3.757574407624682e-39
2787	7.11564753949939e-40
2788	1.3265860173940204e-40
2789	2.434840693707054e-41
2790	4.3996672974942104e-42
2791	7.826782584854766e-43
2792	1.3707581992362141e-43
2793	2.3634835467798443e-44
2794	4.0119772630249464e-45
2795	6.7046867436967525e-46
2796	1.103094371824353e-46
2797	1.7867384964254708e-47
2798	2.849203500818944e-48
2799	4.4730123024087986e-49
2800	0.0
2801	0.0
2802	0.0
2803	0.0
2804	0.0
2805	0.0
2806	0.0
2807	0.0
2808	0.0
2809	0.0
2810	0.0
2811	0.0
2812	0.0
2813	0.0
2814	0.0
2815	0.0
2816	0.0
2817	0.0
2818	0.0
2819	0.0
2820	0.0
2821	0.0
2822	0.0
2823	0.0
2824	0.0
2825	0.0
2826	0.0
2827	0.0
2828	0.0
2829	0.0
2830	0.0
2831	0.0
2832	0.0
2833	0.0
2834	0.0
2835	0.0
2836	0.0
2837	0.0
2838	0.0
2839	0.0
2840	0.0
2841	0.0
2842	0.0
2843	0.0
2844	0.0
2845	0.0
2846	0.0
2847	0.0
2848	0.0
2849	0.0
2850	0.0
2851	0.0
2852	0.0
2853	0.0
2854	0.0
2855	0.0
2856	0.0
2857	0.0
2858	0.0
2859	0.0
2860	0.0
2861	0.0
2862	0.0
2863	0.0
2864	0.0
2865	0.0
2866	0.0
2867	0.0
2868	0.0
2869	0.0
2870	0.0
2871	0.0
2872	0.0
2873	0.0
2874	0.0
2875	0.0
2876	0.0
2877	0.0
2878	0.0
2879	0.0
2880	0.0
2881	0.0
2882	0.0
2883	0.0
2884	0.0
2885	0.0
2886	0.0
2887	0.0
2888	0.0
2889	0.0
2890	0.0
2891	0.0
2892	0.0
2893	0.0
2894	0.0
2895	0.0
2896	0.0
2897	0.0
2898	0.0
2899	0.0
2900	0.0
2901	0.0
2902	0.0
2903	0.0
2904	0.0
2905	0.0
2906	0.0
2907	0.0
2908	0.0
2909	0.0
2910	0.0
2911	0.0
2912	0.0
2913	0.0
2914	0.0
2915	0.0
2916	0.0
2917	0.0
2918	0.0
2919	0.0
2920	0.0
2921	0.0
2922	0.0
2923	0.0
2924	0.0
2925	0.0
2926	0.0
2927	0.0
2928	0.0
2929	0.0
2930	0.0
2931	0.0
2932	0.0
2933	0.0
2934	0.0
2935	0.0
2936	0.0
2937	0.0
2938	0.0
2939	0.0
2940	0.0
2941	0.0
2942	0.0
2943	0.0
2944	0.0
2945	0.0
2946	0.0
2947	0.0
2948	0.0
2949	0.0
2950	0.0
2951	0.0
2952	0.0
2953	0.0
2954	0.0
2955	0.0
2956	0.0
2957	0.0
2958	0.0
2959	0.0
2960	0.0
2961	0.0
2962	0.0
2963	0.0
2964	0.0
2965	0.0
2966	0.0
2967	0.0
2968	0.0
2969	0.0
2970	0.0
2971	0.0
2972	0.0
2973	0.0
2974	0.0
2975	0.0
2976	0.0
2977	0.0
2978	0.0
2979	0.0
2980	0.0
2981	0.0
2982	0.0
2983	0.0
2984	0.0
2985	0.0
2986	0.0
2987	0.0
2988	0.0
2989	0.0
2990	0.0
2991	0.0
2992	0.0
2993	0.0
2994	0.0
2995	0.0
2996	0.0
2997	0.0
2998	0.0
2999	0.0
3000	0.0
