1742031653172 -0.0072939395904541016 0
1742031653178 -0.016881942749023438 0
1742031653183 -0.014204978942871094 0
1742031653190 -0.038159847259521484 0
1742031653195 -0.02216196060180664 0
1742031653200 -0.011282920837402344 0
1742031653206 -0.012597799301147461 0
1742031653211 -0.014293670654296875 0
1742031653217 -0.008749008178710938 0
1742031653222 -0.012862920761108398 0
1742031653227 -0.013402223587036133 0
1742031653232 -0.0241851806640625 0
1742031653238 -0.010105133056640625 0
1742031653243 -0.014775991439819336 0
1742031653248 -0.01345682144165039 0
