1742031653172 -0.0022721290588378906 0
1742031653178 -0.0022270679473876953 0
1742031653183 -0.0021979808807373047 0
1742031653190 -0.032876014709472656 0
1742031653195 -0.0022780895233154297 0
1742031653200 -0.006154060363769531 0
1742031653206 -0.002081155776977539 0
1742031653211 -0.002048969268798828 0
1742031653217 -0.0020699501037597656 0
1742031653222 -0.0020380020141601562 0
1742031653227 -0.006063699722290039 0
1742031653232 -0.002032756805419922 0
1742031653238 -0.0020020008087158203 0
1742031653243 -0.0036721229553222656 0
1742031653248 -0.002051115036010742 0
