1742031653172 0.8494516982117029 0
1742031653178 0.8140031834606533 0
1742031653183 0.8553426823811473 0
1742031653190 0.8143071547768549 0
1742031653195 0.7663407865259851 0
1742031653200 0.7858772408201401 0
1742031653206 0.8260095920183591 0
1742031653211 0.8444826728152849 0
1742031653217 0.8686172122804813 0
1742031653222 0.8062172731106519 0
1742031653227 0.7966490776204446 0
1742031653232 0.789572289777166 0
1742031653238 0.8310926738569199 0
1742031653243 0.7637741251213741 0
1742031653248 0.8290780597644373 0
