1742987060276 -0.011343955993652344 0
1742987060284 -0.0058710575103759766 0
1742987060300 -0.005444765090942383 0
1742987060316 -0.008312702178955078 0
1742987060325 -0.007033109664916992 0
1742987060336 -0.005568981170654297 0
1742987060341 -0.007970094680786133 0
1742987060346 -0.006597042083740234 0
1742987060352 -0.005772113800048828 0
1742987060359 -0.0073032379150390625 0
1742987060365 -0.005471944808959961 0
1742987060371 -0.007515907287597656 0
1742987060376 -0.006242990493774414 0
1742987060382 -0.004784107208251953 0
1742987060387 -0.0075032711029052734 0
