1742987060276 -0.003664255142211914 0
1742987060284 -0.003041982650756836 0
1742987060300 -0.0021131038665771484 0
1742987060316 -0.002178192138671875 0
1742987060325 -0.00220489501953125 0
1742987060336 -0.005381107330322266 0
1742987060341 -0.0033757686614990234 0
1742987060346 -0.0020639896392822266 0
1742987060352 -0.002057790756225586 0
1742987060359 -0.00397491455078125 0
1742987060365 -0.00374603271484375 0
1742987060371 -0.004923820495605469 0
1742987060376 -0.0038788318634033203 0
1742987060382 -0.002443075180053711 0
1742987060387 -0.002553701400756836 0
