1742987060276 1.5591387686696407 0
1742987060284 1.5848756145038847 0
1742987060300 1.5223326583347332 0
1742987060316 1.4390666867788404 0
1742987060325 1.4798752452356567 0
1742987060336 1.384674797158197 0
1742987060341 1.4952446484167183 0
1742987060346 1.4099611072073603 0
1742987060352 1.5261280014403067 0
1742987060359 1.4955294188813892 0
1742987060365 1.5473356959344684 0
1742987060371 1.3700453621176574 0
1742987060376 1.338787397991241 0
1742987060382 1.4546518517884324 0
1742987060387 1.5648099586395539 0
