1742031706530 -0.01730799674987793 0
1742031706537 -0.012422800064086914 0
1742031706543 -0.009633064270019531 0
1742031706549 -0.008491992950439453 0
1742031706555 -0.005661964416503906 0
1742031706560 -0.008960962295532227 0
1742031706566 -0.0082550048828125 0
1742031706573 -0.014551639556884766 0
1742031706580 -0.016176939010620117 0
1742031706586 -0.02713799476623535 0
1742031706592 -0.009593009948730469 0
1742031706597 -0.014390945434570312 0
1742031706605 -0.006968975067138672 0
1742031706610 -0.008971214294433594 0
1742031706616 -0.012853145599365234 0
