1742031706530 -0.0029320716857910156 0
1742031706537 -0.002348184585571289 0
1742031706543 -0.006204843521118164 0
1742031706549 -0.05896496772766113 0
1742031706555 -0.002892017364501953 0
1742031706560 -0.0020380020141601562 0
1742031706566 -0.0029768943786621094 0
1742031706573 -0.002066373825073242 0
1742031706580 -0.0030519962310791016 0
1742031706586 -0.002070903778076172 0
1742031706592 -0.004895925521850586 0
1742031706597 -0.0019998550415039062 0
1742031706605 -0.004364967346191406 0
1742031706610 -0.002071857452392578 0
1742031706616 -0.005979776382446289 0
