1742031706530 0.8710580277772035 0
1742031706537 0.8334339621982025 0
1742031706543 0.8644734446174087 0
1742031706549 0.7533631218477694 0
1742031706555 0.7462545197690725 0
1742031706560 0.6774495102038108 0
1742031706566 0.8269169602144799 0
1742031706573 0.7250796743031054 0
1742031706580 0.7618809418070115 0
1742031706586 0.7883956898052832 0
1742031706592 0.7584617483195853 0
1742031706597 0.8603102265886763 0
1742031706605 0.7849836110762867 0
1742031706610 0.8698892761943114 0
1742031706616 0.8170370731967974 0
