1742032546183 -0.005307912826538086 0
1742032546190 -0.013093709945678711 0
1742032546195 -0.007437229156494141 0
1742032546201 -0.005440950393676758 0
1742032546207 -0.013644933700561523 0
1742032546213 -0.005093812942504883 0
1742032546219 -0.010884761810302734 0
1742032546225 -0.011670827865600586 0
1742032546231 -0.015987157821655273 0
1742032546237 -0.009649038314819336 0
1742032546242 -0.007130861282348633 0
1742032546248 -0.0063381195068359375 0
1742032546254 -0.007133960723876953 0
1742032546260 -0.007185935974121094 0
1742032546267 -0.007921934127807617 0
