1742032546183 -0.0031201839447021484 0
1742032546190 -0.005840301513671875 0
1742032546195 -0.002222776412963867 0
1742032546201 -0.0059719085693359375 0
1742032546207 -0.0022101402282714844 0
1742032546213 -0.004068136215209961 0
1742032546219 -0.0025980472564697266 0
1742032546225 -0.0039501190185546875 0
1742032546231 -0.0044820308685302734 0
1742032546237 -0.003988981246948242 0
1742032546242 -0.002051115036010742 0
1742032546248 -0.002318859100341797 0
1742032546254 -0.0020711421966552734 0
1742032546260 -0.0024869441986083984 0
1742032546267 -0.0020389556884765625 0
