1742032546183 0.7685131578163072 0
1742032546190 0.8461787210064626 0
1742032546195 0.7912482012953999 0
1742032546201 0.8412722361390659 0
1742032546207 0.8620737522756085 0
1742032546213 0.7707282872261284 0
1742032546219 0.8658902917708003 0
1742032546225 0.767528895228496 0
1742032546231 0.818241101530051 0
1742032546237 0.8457984830796457 0
1742032546242 0.8053863915462005 0
1742032546248 0.8097100842654016 0
1742032546254 0.8117939320573581 0
1742032546260 0.8425779263261428 0
1742032546267 0.7693944476115097 0
