1742389500870 -0.011886835098266602 0
1742389500876 -0.004906892776489258 0
1742389500882 -0.004385948181152344 0
1742389500888 -0.004270076751708984 0
1742389500893 -0.004153013229370117 0
1742389500899 -0.004163980484008789 0
1742389500904 -0.004144906997680664 0
1742389500910 -0.00481414794921875 0
1742389500916 -0.0045239925384521484 0
1742389500922 -0.013644695281982422 0
1742389500927 -0.004395008087158203 0
1742389500933 -0.012163162231445312 0
1742389500939 -0.009861946105957031 0
1742389500946 -0.0055692195892333984 0
1742389500951 -0.0043981075286865234 0
