1742389500870 -0.0023751258850097656 0
1742389500876 -0.0021102428436279297 0
1742389500882 -0.002051115036010742 0
1742389500888 -0.0020599365234375 0
1742389500893 -0.002019166946411133 0
1742389500899 -0.0019960403442382812 0
1742389500904 -0.0021800994873046875 0
1742389500910 -0.0020737648010253906 0
1742389500916 -0.0021829605102539062 0
1742389500922 -0.0023500919342041016 0
1742389500927 -0.002079010009765625 0
1742389500933 -0.0022096633911132812 0
1742389500939 -0.0022950172424316406 0
1742389500946 -0.002351045608520508 0
1742389500951 -0.0026330947875976562 0
