1742389500870 0.8102427851293814 0
1742389500876 0.8406201510755026 0
1742389500882 0.7679322502424079 0
1742389500888 0.807065352079984 0
1742389500893 0.8541605191435898 0
1742389500899 0.7300444132818259 0
1742389500904 0.8506006892000894 0
1742389500910 0.850600111596531 0
1742389500916 0.8094942968142628 0
1742389500922 0.8179489858339797 0
1742389500927 0.7851606979810438 0
1742389500933 0.8130239653984241 0
1742389500939 0.8293771377426842 0
1742389500946 0.7945268275773664 0
1742389500951 0.7410727224555644 0
